0.06806939
-0.17819487
-0.42150345
0.5783378
-0.10273482
0.19293141
0.027691018
-0.03822666
0.22897732
0.19016999
0.02667017
-0.15707171
-0.11727934
0.22648858
-0.24828425
0.16151401
-0.2232007
-0.3955799
-0.1289458
0.30231062
0.04523256
-0.17512372
0.19985746
-0.28416315
0.18874753
0.11841599
0.038610935
0.22591585
-0.060289882
0.0018953148
-0.053500537
0.17573318
-0.20845485
-0.14398262
0.017862437
0.102170885
0.5379134
0.21386223
-0.28350028
-0.08970274
-0.025547395
0.11240399
0.15657975
-0.3485491
-0.13351484
0.2928162
0.34636223
-0.042756222
0.0031054951
0.15228018
-0.055133007
0.21014
-0.052366875
-0.09718492
-0.22165963
-0.27446362
0.17877118
0.29391655
-0.30642724
0.16249013
-0.24667208
0.13941544
0.40974683
-0.39056933
0.06342641
0.30610886
-0.12814353
0.06574417
0.22089319
-0.2004587
-0.30159956
0.5881833
0.3702604
-0.42908278
0.22515237
0.20057614
-0.3241402
0.22595052
-0.32666293
-0.15324698
-0.16386963
0.24431685
0.029919252
0.3808092
0.0017393653
0.51487154
-0.5476579
-0.03773491
-0.8119667
-0.21383327
-0.462153
0.17336608
0.27853835
-0.21729958
0.28040785
-0.55272704
-0.023581564
-0.59466344
0.26418635
0.060472373
-0.09018679
-0.16596913
0.05858527
0.06813254
-0.19455035
0.0166348
-0.26778814
0.06587348
0.08845515
-0.24720925
-0.2829279
0.12470864
0.16598389
0.018699562
-0.16567202
-0.531092
-0.18156315
0.27123478
-0.15364254
-0.45038408
-0.39999437
-0.08072195
0.1461928
0.2356334
0.605851
0.019569924
-0.14507756
-0.017433895
-0.33941057
-0.236948
0.047055498
0.53563803
-0.13766727
0.47315368
-0.29851356
-0.013045222
-0.22468503
-0.13023932
-0.49413994
0.2519239
-0.14551589
-0.1145315
0.120016225
-0.2147614
0.05150153
-0.054462057
0.31675473
0.014118551
-0.062229555
0.11908469
0.21390559
0.55360544
-0.3086503
0.2243756
0.002238796
0.21870513
-0.18842405
-0.052989565
-0.017426955
-0.3113952
0.023933938
-0.15221556
0.41670853
-0.04562435
0.081206545
0.1629236
-0.83370745
-0.28358585
-0.28661582
-0.2572785
-0.54071456
-0.1179542
-0.39607695
-0.35803998
-0.5024984
-0.21374758
-0.31330895
0.32920775
-0.19418745
-0.20558502
-0.17423072
0.23948327
-0.39284587
0.1700608
0.36786482
0.073746376
-0.3268729
-0.15166278
0.18100768
0.14969221
0.16353062
-0.5616229
-0.6976363
-0.37896067
0.20929834
-0.10900545
0.21055415
-0.13601008
-0.14288853
0.38240367
-0.1828724
-0.4478407
-0.24641484
-0.2971605
-0.07389085
-0.0072719874
0.23665684
-0.117163815
0.46931824
-0.060574446
0.34782523
0.074528836
0.48515302
0.56430286
-0.031417582
-0.18603727
0.038228888
-0.13950907
0.46648535
0.039196957
0.083771564
-0.26896486
0.6047077
0.2630194
-0.016887829
-0.27146867
-0.33044046
-0.0027690837
0.033040322
-0.17458093
0.2276275
-0.27469283
0.4001302
0.03834535
-0.027931143
0.36112398
0.6059202
0.34547123
-0.27586776
-0.13952118
-0.3443843
0.3327964
0.25168595
-0.04419183
-0.027917393
0.3179507
0.32021365
0.013558649
-0.3585698
-0.14632498
0.27302173
0.31116018
-0.15467086
0.17736062
0.048233178
-0.629464
0.005506865
-0.2819675
0.09716041
0.2552912
-0.2331102
-0.060000554
0.31292918
-0.7602031
-0.5291895
-0.121265806
0.30166242
0.56303257
0.16142465
0.33991137
0.020991795
0.08882244
0.031280234
0.23102404
0.49580508
-0.5771681
-0.1950655
-0.34163713
0.07073736
0.23361994
0.014598175
0.09580302
0.05559906
0.47041696
-0.65548813
0.37957105
0.1551611
0.07724328
-0.093130685
0.07167029
0.05334532
0.21194902
-0.12663428
0.24005803
0.60624856
-0.22905767
-0.18766673
0.23909676
0.013050818
0.16002265
0.06822761
0.22696216
-0.47886673
-0.12740368
0.18877001
0.070599504
0.23383427
0.3137873
0.17505732
0.41833732
-0.17620407
-0.028009446
-0.11391133
0.097179495
-0.10676665
-0.31251022
0.37491214
0.31743473
0.62523746
-0.5342666
-0.19245821
-0.31194445
0.032831278
-0.7571687
-0.6206738
-0.3823254
-0.13000564
-0.0437082
0.34605828
0.5294822
0.37086755
0.36699006
-0.34367183
0.07034202
0.08489491
-0.40144426
-0.57815003
-0.46595666
0.07096493
0.5051577
-0.2192627
0.24643508
0.055779077
0.087181516
-0.23113596
0.27554047
0.35518348
-0.2461795
0.14749256
0.4768092
-0.28957692
-0.34887472
0.14712496
0.27985355
0.10812122
0.07986914
0.036634587
0.058200277
0.087118104
-0.03657691
-0.079012394
0.06800823
0.117001235
-0.20415054
0.3288009
-0.16521193
-0.3748578
0.13860588
0.12486284
0.028012222
-0.061720125
-0.007717115
0.1356034
-0.45913482
-0.45590237
-0.28049752
-0.1095133
0.12070316
-0.053243734
0.09742785
0.27073482
-0.54349923
-0.11121917
-0.5669638
-0.549895
0.22845277
0.17375727
0.34033403
0.1262348
-0.27294675
0.08276413
0.19606763
-0.07520504
-0.51703906
-0.042940415
0.055420954
0.67721355
-0.31160572
-0.539546
-0.31804636
0.08521809
-0.06923332
-0.6524324
0.23065719
0.28214017
-0.015319665
0.21573865
-0.19073051
-0.20130882
-0.4747676
-0.115815915
-0.2005299
-0.06838338
0.59730625
0.043841172
0.10594474
-0.3625902
-0.38999298
-0.036135156
0.19110045
-0.1208255
-0.053598113
0.18893154
-0.120870225
-0.43573597
0.4683418
-0.03622337
0.29414433
-0.32793564
-0.08512956
-0.32499528
-0.114445396
1.0493795E-4
-0.42257264
0.17899898
-0.5225225
0.4636384
-0.08622949
-0.38756096
0.43630427
-0.057529736
9.4206684E-4
0.34094435
-0.10163419
-0.06809173
0.10334681
0.28958976
0.09316139
0.052757636
0.35916263
0.05652567
0.122263886
-0.15847808
0.33774835
-0.14531186
0.45683295
0.03958468
0.41133204
0.3199273
0.35789704
-0.30775943
-0.6799605
0.11962722
-0.026587255
-0.3705179
0.14144789
0.23966071
0.16118945
0.85223764
-0.124298885
-0.05139407
0.13850337
-0.277763
-0.3768762
0.08342104
-0.38682768
0.62222016
0.32005087
0.18984282
-0.3273044
0.15181513
0.10660585
0.0147667155
-0.5882032
0.28279936
0.6755846
-0.054644175
0.3963204
0.042692255
-0.1518402
0.09669097
-0.20023446
-0.288172
0.22361678
0.0036308144
0.30997506
0.035409614
-0.0681217
-0.09802554
-0.15633005
-0.55446243
0.26798293
0.5994758
-0.1590238
-0.025893565
0.2047531
0.027265105
-0.9254192
0.23003572
-0.3212621
-0.29340053
0.08502194
-0.01969183
-0.50618327
0.18130091
-0.17796169
0.14773941
-0.20714352
-0.02421833
0.03458026
-0.41022336
-0.06270864
0.15037727
-0.23866919
-0.13629484
-0.5364537
0.14395541
0.18897991
-0.27760115
0.34202552
-0.2631359
0.6758061
-0.063242674
0.2844807
0.2478203
0.4489601
-0.13441496
0.22020704
0.05551533
-0.643883
-0.42162412
0.5470309
0.013072706
0.21632111
0.46258348
-0.068414405
-0.14732134
0.54606354
0.10236574
0.11101901
0.07205656
0.029394742
0.49913266
-0.16455154
0.09742021
0.24284579
-0.2032699
0.17406672
0.1956988
-0.40686214
-0.06923045
-0.3205911
-0.48744175
-0.226415
0.39149258
0.041658107
-0.1832881
0.0010254753
0.2735476
-0.46019083
-0.06366113
0.22782925
-0.15271266
0.00971218
-0.14732914
0.014337758
0.0026962496
