-0.32841197
0.20742357
0.24316539
-0.22955514
0.10621019
-0.16033177
-0.22380117
0.37621257
-0.15870695
-0.27103087
0.15487923
-0.0021160592
0.124901384
0.018867522
0.23852648
-0.39117867
0.39879522
-0.030537095
-0.095769145
0.07998423
0.1216659
-0.118903525
-0.0984178
0.15683582
-0.08185878
-0.41640037
-0.32978716
0.13397187
-0.16112326
0.35915026
-0.11209497
-0.30934504
-0.07945477
0.29535642
-0.578348
-0.03548288
-0.51582193
-0.18575665
-0.14076273
0.18417743
0.011785585
0.09839103
0.075164095
0.25206968
0.15325616
0.098566815
-0.17943542
-0.00794629
0.10423823
-0.2924535
-0.039888788
0.0014588308
-0.03460773
-0.12799984
-0.2703046
0.23915216
-0.16766748
-0.33373976
0.21480373
0.025928494
0.16385841
0.19440386
-0.18367551
0.12724096
0.08621498
-0.03636079
0.030563898
-0.17263632
-0.14356923
0.4602357
0.09700565
-0.18817918
0.03008576
0.2220132
-0.04050712
0.033770006
-0.18450518
-0.076270446
-0.061317485
0.13184832
-0.07770762
0.085232556
0.06002039
-0.24712655
0.17947161
-0.26058426
0.3885848
-0.10907002
0.41785997
0.26663288
0.1916509
-0.067075685
-0.12801915
0.20570736
-0.2892756
-0.034780435
-0.011856858
-0.14550698
0.45365426
-0.09385807
0.5187303
0.35752267
0.041576147
-0.09146361
0.04020637
0.27913365
-0.038433146
0.18569805
-0.018720143
-0.039071772
-0.0790199
-0.1539707
-0.25068745
-0.07314419
0.2346442
0.16824535
0.35107785
0.059968267
-0.013545569
-0.048160106
0.03396738
-0.09222951
0.18121363
-0.06086139
-0.062131166
0.0123126535
0.14872354
0.3312375
0.077569805
0.34621614
0.14924225
-0.045188405
-0.014299144
0.06939986
0.23478241
-0.36112162
0.22639056
-0.16988102
0.29673284
-0.15580767
0.13641647
-0.113979004
-0.02953076
0.13210224
0.058437727
-0.12718414
-0.046747856
0.05308959
-0.017672472
-0.11315705
0.21601023
-0.09077436
0.004245335
-0.06309588
0.032696113
-0.14112565
0.083693236
-0.08518883
0.08662957
0.20484866
0.10342229
-0.14999323
0.08603713
0.21067864
0.086793
0.22749554
0.04453432
0.0574044
0.17096499
-0.20082735
0.40263686
0.10748189
0.14379849
0.3192874
0.20675558
0.011002407
0.108593866
-0.019644897
-0.2561434
0.18992592
0.07378068
-0.22085837
0.3303193
-0.05555381
-0.45526418
0.39507928
0.12036859
0.016232194
0.19533801
-0.08323821
0.2166863
0.21454081
0.2388615
-0.023635736
0.17845821
0.3370099
0.043640606
0.20348594
-0.052943468
0.031595375
0.1018276
-0.31310058
-0.13319804
0.42335752
0.0037123896
0.041704275
-0.5109075
0.04627364
0.11463106
0.32686797
-0.2307439
-0.002087748
-0.08729807
-0.41522366
-0.1328272
-0.019627951
-0.03444153
0.012432778
-0.30878693
-0.03675326
-0.17648774
0.232266
-0.5168308
-0.10854576
-0.10870307
0.027600985
-0.13202175
-0.06990608
0.15120614
0.05385747
0.050614513
0.039347045
-0.04303098
-0.22307007
0.1292027
-0.28665385
-0.20718496
-0.30988103
0.026421174
-0.101947084
0.12284007
-0.32007527
-0.13548234
-0.13779432
-0.17997761
-0.39188305
0.26601994
0.45049968
0.48502535
-0.02817673
-0.34650558
-0.30536082
-0.043958202
-0.39566472
-0.16899778
0.5274944
0.6231904
0.1170808
-0.19852272
-0.15583241
-0.23818313
-0.21231866
-0.21115947
0.51308054
-0.15575364
0.02318949
-0.17094325
-0.39364484
-0.17242129
-0.17769583
-0.15423334
-0.13145763
0.30291614
-0.30483347
-0.14299381
0.03005068
0.095306166
0.08477523
0.14134756
-0.0041127484
-0.003448055
-0.08176854
0.22583354
-0.15482008
0.2931108
0.07098425
-0.19522467
0.15980692
0.14770341
0.035313565
0.06156558
0.14708754
-0.19764037
0.2444575
-0.26000893
-0.0139099825
-0.114368975
0.18890774
0.05296941
-0.15579475
0.17268957
-0.12497094
0.43226406
-0.22586289
0.021947026
0.04808165
-0.105152726
0.24402481
-0.31210577
-0.22641309
-0.16006108
-0.1487734
-0.21031114
-0.080178514
-0.03551454
-0.2063061
-0.12407695
-0.1343378
-0.4931111
-0.066002995
0.26327217
0.17120606
-0.31651744
-0.12761788
-0.5016215
-0.2562944
0.062078282
0.013608098
-0.21635784
-0.23724137
-0.3066873
-0.40181014
0.10803464
-0.19845685
0.022651263
0.019750193
-0.2011684
0.14799994
0.2304229
-0.13262936
-0.21225734
0.20106347
-0.0790633
-0.14144503
0.13049601
-0.2777147
0.14090468
-0.2470984
-0.03348726
-0.12355788
0.046050936
-0.029501041
0.027170898
-0.14558747
-0.17828877
0.07410058
-0.11607545
-0.15641308
0.0894921
0.023006134
0.07171874
0.04196591
-0.23032415
0.043324847
-0.049646992
-0.007355091
0.2036921
0.0285612
-0.11218916
-0.032469064
-0.11945138
-0.029014148
-0.005078861
-0.14544049
-0.07032721
0.053948108
-0.056585364
-0.13458844
0.014630369
0.03752513
0.01937514
0.18500951
0.0660988
0.3456396
0.1800989
0.1615725
-0.12775326
-0.13509601
0.15415609
0.35370854
-0.23834898
-0.14483535
-0.09760274
0.4052349
-0.16695379
-0.18967201
-0.29998025
0.007633604
0.30584154
0.15343015
-0.14119661
-0.24654478
0.43251473
0.09647542
-0.10139742
-0.059436843
0.13391845
0.18234003
-0.07027014
-0.048140176
-0.020182256
0.31763798
0.20483424
-0.14905423
0.039727595
-0.05422976
0.130473
0.038787488
-0.11484366
0.047452416
0.2112132
-0.0930437
0.10909149
-0.12996255
-0.2574154
0.06710672
-3.6963256E-4
0.037598763
0.16229695
0.040206745
0.22761105
0.04686078
-0.009776074
0.09496226
0.10296102
0.14330411
-0.021198053
0.3410029
-0.34918156
0.20237632
0.19559805
-0.09387638
0.019606909
-0.10569436
0.12909707
-0.094382204
0.084704906
-0.054712847
-0.056313217
0.02683047
-0.42369625
0.32334366
-0.2864272
0.23858105
-0.048361283
-0.34284
0.074124694
-0.20299053
0.13593851
0.2712275
0.60447353
0.4281696
0.3456457
0.025868198
0.04165331
0.13720581
0.21592662
0.21661174
0.122722924
0.26690236
0.12634405
0.10984269
0.062886916
0.3371774
0.5539999
0.21801989
0.11765155
-0.16392933
-0.07385661
0.18202455
-0.27976853
0.13021243
0.1774666
-0.18705583
0.054583296
-0.17945786
-0.049982134
-0.21754576
0.1038915
-0.022873713
-0.19947848
0.27361637
-0.28845015
-0.25907305
-0.22792542
-0.006566954
0.18298657
0.28321582
0.04662233
-0.03137889
0.19540082
-0.44280645
-0.010129941
-0.058179475
0.01279167
-0.16267093
0.12619765
0.05576906
-0.1520653
0.15245482
0.26679474
-0.15249607
-0.11792102
-0.078789465
-0.083553836
-0.1508423
0.2552415
0.30519462
-0.1413432
0.1228454
0.022558905
0.27222764
-0.26668894
0.1960791
-0.105066076
0.2584345
2.0880693E-4
0.0614731
-0.02129802
0.0023336455
0.33530715
-0.23693031
-0.06210049
-0.018744286
0.024866628
-0.3933593
-0.09263634
0.10334506
-0.067633145
-0.031725604
-0.043606903
-0.098614
-0.17118435
-0.11094658
-0.5163781
0.09730215
-0.3886465
0.10779854
-0.015404934
-0.14596218
0.069566384
0.11512678
0.02569593
0.066167034
0.059488732
0.022762913
0.3834483
-0.16422085
0.21909207
0.024169326
0.21298821
-0.41788262
0.4426413
-0.0638889
-0.24072136
0.12221277
0.11610083
-0.14417635
-0.07796006
0.29503232
0.50156826
-0.3127291
0.46520996
0.280753
-0.031806406
0.18022716
-2.4142468
