0.14565165
-0.0896123
-0.5601417
-0.39327213
0.14640449
-0.07855277
0.12708144
0.45962077
0.018178513
0.109160066
-0.3817249
0.37734574
-0.4055612
-0.7196241
0.111852415
-0.13713662
0.09324455
0.09505446
-0.16635805
0.5672136
-0.19550493
-0.19477522
0.40951884
0.0015694082
-0.015185728
0.35791126
0.57342905
0.6998577
-0.49852568
0.26529908
0.70802385
-0.1633487
0.5729558
0.18870136
0.119193986
-0.45064396
-0.051972494
0.031466745
0.15150665
-0.31404635
0.18640096
-0.069864936
-0.33164865
-0.34818754
-0.03160295
0.022307241
0.12808996
-0.1603232
-0.024907092
-0.30136904
-0.34426942
0.28326342
-0.19923551
0.18893586
0.50462794
0.17951728
0.14078209
0.12591182
-0.15290055
-0.27859452
0.19620056
-0.22690372
0.07291134
0.16896348
-0.2106537
-0.25666788
0.5218829
0.16761136
-0.69844097
0.19694258
0.18776843
0.051400263
0.06560194
-0.0063167103
-0.078925125
-0.52588177
0.49028823
0.48561946
-0.23631588
0.23873168
0.25002626
-0.43917048
-0.36808288
-0.410451
-0.35414046
0.4891094
-0.075678505
0.35294178
-0.18943897
0.12560843
-0.66810936
-0.5080757
-0.5559684
-0.18509512
0.19944644
0.5433715
0.33528072
0.39864543
0.018744027
-0.2465093
-0.2665696
-0.32732216
0.21422504
0.12748137
0.28279325
0.0945009
0.10319992
0.12700118
0.28152496
-0.106021576
0.41926867
-0.21544936
-0.03592183
-0.06328745
-0.05130867
-0.71785796
-0.017578816
0.41784886
0.12403284
0.2672053
-0.013714507
0.11091474
-0.22669108
-0.8140649
-0.40332866
-0.7577847
-0.2042539
-0.37248707
0.13168631
-0.08650445
-0.23166026
-0.4773794
-0.8646493
-0.18070437
-0.10152242
0.28477666
-0.008144434
-0.06909196
0.096910596
-0.36016035
0.5670119
-0.18462428
0.06840717
-0.05808407
0.3251324
0.01517852
0.066417806
-0.13470158
-0.06888442
0.0472858
-0.120054
-0.32653788
-0.11196085
-0.10153031
-3.9290334E-4
-0.399907
-0.21744609
0.51580215
-0.04590679
0.024877932
-0.73119885
0.5512348
-0.8289274
-1.5882747
-0.8386337
0.2543363
-0.5200924
-0.08157068
0.2641763
0.24534297
0.54855496
0.2125097
0.24708217
-0.22485787
0.21208651
0.33520907
0.20972995
-0.45334297
0.17065762
-0.27383342
0.065991245
0.24086803
0.16408865
-0.20564447
0.42619613
-0.3529878
0.6675006
0.040138416
0.21123326
0.08282678
0.36503682
0.037716974
0.38315487
0.37257114
-0.34198633
-0.58461803
-0.7141061
-0.6913631
0.19189665
-0.04787657
-0.13886893
0.21654224
0.15958793
0.27495933
0.04190159
-0.53783184
0.6678794
-0.20498502
-0.19216318
-0.17315039
0.60376424
-0.25364378
-0.2856057
0.13472341
0.055263888
0.15140726
0.4217004
-0.18459861
-0.37507582
0.43673116
0.12106073
0.028354933
-0.6296906
-0.05323125
0.20878324
0.24982338
0.047797758
0.1734002
-0.1805901
0.42502698
-0.12451113
0.05894673
-0.03463773
0.46918482
0.1980773
-0.6525165
-0.29088843
-0.1000584
0.27921048
0.022685291
0.4540107
-0.036869463
0.33548895
0.34738266
0.31511062
0.044156443
-0.348456
-0.33618203
-0.33069453
0.30453727
0.40823984
0.41249976
0.108709045
0.24111046
0.1332077
0.21736331
-0.95907015
-0.22456118
-0.006351161
0.015486213
0.38752693
0.39903957
0.30258307
-0.033838935
0.27439177
-0.22742718
-0.038056612
0.027441964
-0.3064485
0.16351113
0.14932604
-0.3054511
0.102144144
-0.5989054
-0.16454539
0.33188647
0.44038934
0.39284673
-0.057901256
-0.0334033
-0.2107663
-0.38834834
0.014643266
-0.08455038
0.036898844
-0.2878078
0.52402174
0.10453917
0.23169044
-0.01448537
0.0332589
0.049039323
-0.109381
-0.3912982
-0.10375062
0.26303744
-0.06161889
-0.44987702
-0.050770417
0.4648796
-0.17655997
-0.5181149
0.5283435
-0.057667334
-0.10943724
0.19658777
-0.02896899
-0.4492015
-0.11164827
0.41091236
0.18165916
0.4369037
0.7663479
0.11987448
0.33613113
0.9575562
-0.23345506
-0.02240514
0.021481583
0.25754517
0.33443788
0.41479424
0.37527397
1.1146297
1.0145745
1.2198235
0.6647215
-0.21395978
0.49458018
-0.38977695
-0.36357567
-0.022193627
1.0155562
-0.19279388
-0.104156695
0.29757577
0.12040669
0.26300505
-0.383232
-0.24163128
-0.48135376
0.155397
0.05182695
-0.055425867
0.40945354
0.17077702
-0.75365824
0.6817545
-0.005044591
-0.22408718
-0.18566671
0.15904064
0.16397527
-0.054808363
0.2576731
-0.32998163
0.13833001
0.3001417
-0.44157326
-0.15080641
-0.14697216
0.10953964
-0.075093195
-0.27089414
-0.027800482
0.4651165
0.27344978
-0.036921844
0.1778758
-0.10989226
0.13879317
-0.023024043
0.6921012
-0.57902414
0.14904714
0.10001863
0.0142367035
-0.14120595
-0.21989502
-0.66837233
-0.08804547
0.10781916
0.39927834
-0.5499211
0.5322758
-0.46395946
-0.29540122
-0.2519435
-0.61049396
-0.3479182
0.62397665
0.43640345
-0.054834273
-0.23632222
0.1312775
-0.18580167
-0.40142745
-0.24027094
0.12259185
0.61417854
-0.039249808
0.20188867
-0.31666684
-0.32533938
-0.095249124
-0.5363186
0.028722327
0.5312378
0.009774825
0.65470093
0.5988444
-0.24634154
0.04302284
-0.21217154
-0.3042899
0.16592178
0.28426117
0.058419704
0.2760632
-0.43313414
0.33741683
-0.20778501
-0.500397
0.49861592
-0.3388699
-0.23441823
-0.3750291
0.07821129
-0.28840584
-0.18114017
0.08515012
-0.12014328
-0.1035078
-0.14719926
0.2530352
-0.2938656
0.062390715
-0.092342496
-0.09842455
-0.04773848
0.13127613
0.185329
-0.2859973
0.6959425
0.06818096
0.59188664
0.011784519
-0.27848703
-0.018867327
-0.21559796
-0.83145106
0.29531327
0.1662665
0.055648565
0.5662295
-0.0653163
0.42757863
-0.5455799
-0.5353507
-1.2505875
-0.5531399
-0.7292445
0.27323425
-0.30217877
0.30595702
-0.5234414
-0.37445587
-1.1697901
-0.5571973
-1.3094254
-0.12920281
0.27399236
-0.4192579
-0.032870024
-0.63698626
-0.48870704
-1.0218337
-0.071718134
-0.19803254
-7.195055E-5
-0.41200614
0.31730083
-0.1883081
0.42854232
0.07752687
-0.7347513
-0.11149248
-0.24831711
-0.08801772
0.4372697
-0.058415275
-0.33168247
-0.04179495
0.14917187
0.41468766
0.07614263
0.2334259
-0.4652728
0.0410073
0.1624644
-0.16651121
0.35025746
-0.101315685
0.10270901
-0.30371478
-0.08470485
-0.22529176
-0.12698163
0.34306365
-0.18018334
0.07415446
-0.3733763
0.27557248
-0.40869555
0.5396673
-0.23178405
0.42751646
-0.5144813
0.30625352
-0.19467098
0.20201258
-0.050523434
0.6671326
-0.6669946
0.19481798
-0.8657323
0.32657304
-0.15915115
0.1597287
-0.4840734
0.36019972
-0.4078145
0.41670766
0.23784992
0.07920291
-0.4271134
0.43371102
-0.4111896
-0.17132364
-0.49026346
-0.054072235
-0.24051084
0.5100362
-0.25905886
0.06834755
-0.1690839
-0.12040998
0.5510609
-0.47895044
-0.30759948
-0.32110164
0.22340335
-0.5308723
0.54742736
-0.5109721
0.098675795
-0.19656064
-0.30915678
0.3775994
-0.5294364
0.10542529
-0.33062622
0.0014517374
0.48043746
0.046226107
0.2951473
-0.4109415
0.16755143
-0.5680834
-0.13284709
-0.338043
0.42544937
-0.4628934
0.012320871
0.3671919
-0.19648993
0.31003404
