0.8097089
-0.6661557
-0.742652
0.0022211608
0.025542896
0.3554212
0.24331748
0.7565862
-0.3885968
-0.67797506
-0.5746721
0.429812
0.5349931
0.51795757
0.16785161
0.4953053
-0.13568343
-0.11046279
-0.0130635705
0.29311144
0.5650875
-0.21942325
-0.3339659
-0.58544695
-0.8326847
-0.1458298
0.70845807
0.87452626
0.6620983
-0.47077933
-0.57657677
-0.34679702
-0.71324784
0.08144682
-0.9010532
-0.1972004
-0.50020903
0.07363363
0.042954195
-0.43747112
0.61798894
-0.70002925
0.04620646
-0.03229563
0.05971753
-0.39510098
-0.17799167
-0.8515862
-0.1455765
0.7396322
0.08564363
0.61295426
-0.373456
0.44332877
0.36141402
-0.17375864
0.4710028
-0.79682326
0.1641676
-0.11321783
0.001444099
-0.22768427
0.539326
-0.87297744
-0.7419154
1.0261406
-0.21126369
-0.5800922
-0.10415017
0.7279298
-0.48357454
0.71236664
0.8964994
-0.43953058
-0.16814132
0.753177
-0.42969808
-0.22099549
0.2615997
-1.0074359
0.5203802
0.3932047
0.096253745
0.16963597
-0.4988907
-0.4081659
-0.11787296
0.69720566
0.17085394
0.61189145
-1.1008788
-0.32317203
-0.6338974
-0.003083853
-0.1394867
-0.51337516
0.59151113
0.66980016
0.32870317
0.3543911
0.92704844
0.34423673
-0.8867013
0.7629479
-0.40625
0.16412656
-0.68235296
0.13264102
0.99395
-0.77990854
0.29534265
0.33705047
0.6683813
-0.37211335
-1.1199582
0.17883356
0.046388242
0.23249868
0.44500536
0.38418627
-0.5386967
0.3083863
0.48835105
0.42477745
0.7714604
-0.29109025
0.43568754
-0.8470671
-0.56984717
0.4660017
-0.24394989
-1.0391856
-0.11338579
0.30573043
0.12017152
-0.8394657
-0.018137008
-0.072557814
-0.8196475
0.11403346
-0.12796193
0.5025196
0.34584484
0.5646957
-0.34250307
0.31641045
-0.4719221
0.09758036
0.64483225
-0.61792654
0.52949136
0.015750777
0.1007003
0.43060052
0.50111103
-0.21969709
0.94243234
0.082874745
0.7487407
-0.38293073
0.8834557
-0.1204852
0.8402445
0.44066083
0.75721645
-0.91221184
-0.6312608
0.21651904
-0.0772846
0.01915659
0.6606437
0.66854614
0.4797377
-0.7593142
-0.5194461
0.5684806
0.23949358
0.1268323
-0.07544112
0.4316725
-0.43217185
0.5169595
0.23357888
0.43453246
-0.44649842
0.04048632
-0.5424048
0.25891462
-0.55737346
-0.28500128
0.34485486
0.10607862
1.0259576
-0.3954563
0.5809559
0.4202222
-0.07725066
0.64816815
-0.009274583
0.43067798
0.5772734
-0.08612521
-0.40455687
0.21158236
-0.6408326
1.0112041
-0.9372299
0.78978556
-0.3781618
-0.9101156
-0.8748499
-0.114380956
-0.4889198
0.63361084
-0.5342077
0.22671625
0.59485006
-0.67797095
-0.47534236
0.32101458
-0.36904153
0.7313538
-0.7352356
-0.03842674
-0.1343259
-0.32409567
-0.020669565
-0.18990275
-0.7805642
-0.39041078
-0.10413553
-0.08525601
0.090897046
0.3448624
-0.55530995
0.1286323
-0.37727764
0.7920546
0.6307362
-0.81757677
0.54714423
-0.36181438
0.6471682
-0.95177007
-0.18593588
0.4981536
-0.3243813
0.8538032
-0.7897767
0.8460414
-0.31981543
0.04811988
-0.31341153
-0.09628366
-0.82353586
0.1308544
-0.06014216
-0.9004482
0.017857714
0.5176012
-0.9663688
-0.025055619
0.44257516
0.057506304
-0.9365831
0.9194073
-0.7370168
0.648353
0.15440106
-0.5169176
-0.18221803
-0.84699655
0.10734634
0.82690436
-0.75285685
0.31186026
0.72610044
-0.033974685
-0.24093388
-0.554588
0.13711263
-0.0902247
0.54457104
-0.42572272
0.5161666
-0.15146025
0.30833176
-0.29109988
-0.32323095
0.45225632
0.4358923
-0.74759084
1.0547589
0.62298185
-0.7312402
0.4717047
-0.23810768
0.2206562
0.13795377
-0.6714673
-0.70464927
0.014210922
0.109141275
0.5620734
-0.34448436
0.6448506
-0.2568804
-0.6770717
-0.6076447
-0.28108114
0.3217199
-0.5561429
0.38445392
-0.3655311
-0.49832925
-0.23215827
-0.32708728
0.69960564
0.43009952
0.7459631
-0.46443775
0.5718324
0.65169
-0.14228305
-0.9144929
-0.6929218
0.3542594
-0.8989848
-0.22020954
-0.12345287
0.84819484
-0.0516343
0.025290925
0.15002993
-0.38577077
0.0725741
-0.050964102
0.90459305
-0.7269957
0.51854765
-0.25163418
-0.7335599
0.34195158
0.51778984
-0.42569137
-0.5152455
-0.67447287
-0.23560607
0.8711317
0.75987333
-0.37482855
0.9702966
-0.88608545
-0.18405184
-0.8096231
0.13572513
-0.111055896
0.7660401
-0.35924304
-0.71311784
-0.64730585
0.36293
0.9396263
0.3988942
-0.22072193
-0.37135822
-0.21958241
-0.20023063
-0.41211274
0.37771466
-0.2772724
-0.68701035
1.1817362
-0.043521747
-0.39019915
-0.36431223
0.3956922
0.10982595
-0.30514503
0.2248746
-0.13490929
0.7806032
0.35906935
-0.35329553
0.3851809
0.7354242
0.7840978
0.22550382
0.4282665
0.49658072
0.60847545
-0.6447534
0.53475404
-0.551286
0.15542234
0.5422829
-0.49802992
0.63568586
-0.504942
-0.10118606
0.64545006
-0.40703952
-0.37912765
0.9654622
0.1834079
-0.34452257
0.50028306
-0.0074360087
-0.26109704
-0.0041414355
-0.76459825
0.32259634
-0.032418426
-0.09995142
0.20300493
-0.09953019
-0.9438478
0.46699888
0.3444017
-0.15925144
-0.34273708
0.73328066
-0.055042535
0.3370446
-0.53153133
-0.81557065
0.66002584
0.2897596
-0.009585193
0.75984764
-0.23187596
-0.41164282
-0.50118196
0.92233044
-0.6641028
0.92771786
0.2835873
-0.7117451
-0.32507265
0.6704094
-0.6540405
0.7487834
0.0020045787
-0.021975765
0.52425385
-0.78821546
0.5322439
-0.36810005
-0.0012265927
-0.56856763
0.55863893
-0.81638
-0.7989173
0.23863657
-0.84822965
0.9088292
0.4045692
-0.1152883
0.24465303
-0.45183343
-0.26336056
0.65666896
-0.91139996
0.1375941
-0.36487764
0.30940807
0.53535175
0.560677
-0.5002399
-0.17402723
0.67674685
-0.57712406
-0.63270754
0.48385438
0.0872406
-1.0128701
0.7124404
-0.59182984
0.70989186
-0.80223095
-0.1526377
0.39065957
-0.9330915
-0.29553574
-0.40799418
0.78958565
0.15366131
-0.69373584
0.9380822
-0.825408
0.8902956
-0.9509623
-0.73055744
-0.027407
-0.7604874
0.8932409
-0.7090666
-0.24354339
0.6957093
-0.7724089
-0.50580657
0.20930767
-0.04759824
-0.020328881
-0.3767392
1.0007133
-0.15807283
0.09734828
0.8388473
-0.6766201
0.6816415
0.15050879
-0.18727404
-0.72197187
0.7753631
-0.5839054
0.85533166
0.0814222
-0.8482409
0.72933465
-0.4604085
-0.2900541
0.76609737
0.27461335
0.20376645
-0.038539946
-0.7554149
0.44672439
-0.12705204
-0.61072254
0.36433253
-0.7596125
0.35453072
-0.1873208
0.41046178
-0.37217024
0.1591027
0.9491867
0.53270894
0.74208283
-1.0417467
0.6617394
-0.11313748
-0.46595186
0.7585369
0.3429825
0.4286736
-0.81028193
0.4517858
-0.666889
-0.21288358
0.33345452
0.29866967
0.65692335
0.54290646
-0.70166594
0.9692285
0.76435363
0.9394744
0.6952577
-0.2170766
-0.50194347
-0.67277527
0.8022777
0.5767485
0.008778594
-0.32869124
-0.08144956
-0.6893642
-1.0095464
0.58784646
-0.4514441
-0.91574514
-0.9327191
-0.8303151
-0.08050729
-0.6035874
0.19797742
-0.6467133
0.07860873
0.084103756
0.7649379
-0.44563645
-0.21354517
-0.10175129
-0.64329374
0.17285603
-0.53627515
0.23550257
0.32001677
0.7165225
-0.06435528
0.123180754
0.5598359
0.07576981
-0.42212668
0.6117299
-0.6579628
-0.53473973
0.58651966
0.46916732
0.017283378
0.53524137
-1.0307453
-0.86530155
0.6747601
-0.25378513
0.4490628
-0.029607158
0.40460628
-0.15899178
0.16469505
-0.27627894
0.6697724
0.65552175
-0.62603265
-0.8526613
0.050322454
0.9689235
-0.5099055
-0.12551925
-0.5538867
-0.58067596
0.76515293
-0.1981565
-0.18877485
0.675913
-0.5158357
0.07849146
0.26305377
0.31089607
-0.46863306
0.485518
-0.06979436
0.3009034
0.22234339
-0.2143223
0.9443031
-0.7089977
0.25042802
-0.49149683
-0.54636705
0.047469884
-0.5743714
0.13228899
-0.12890634
-0.13945474
0.07065666
-0.53777874
0.61975765
-0.3662863
-0.71538866
0.029443568
-0.58114034
0.24221604
-0.4350504
-0.34600565
0.6221388
0.32911578
-0.33151445
0.18630376
-0.59746534
0.43495908
0.2629985
-0.83426
-0.44090033
0.06634971
0.3774694
-0.013644573
0.06765928
-0.41302568
-0.06404877
-0.23213784
0.13518094
0.10782353
0.54181355
-0.6522831
-0.55755335
-0.8177413
0.4858899
-0.7551957
-0.5698352
-0.34672865
0.43219432
-0.36259916
-0.61968666
-0.34146473
0.28778696
-0.63708
-0.22291344
1.0039908
-1.0005912
0.7226646
-0.79704547
0.37670657
-0.61039066
0.10923135
0.4090005
0.49664536
-0.051551573
-0.5396201
0.092089936
0.3672295
-0.027715337
0.29751602
-0.3254696
0.953735
0.017208891
0.33628425
0.117421694
0.66012955
0.08377878
-0.08833841
-0.03627053
0.4920688
-0.6468493
0.69573003
0.9287978
-0.47302356
0.20170298
0.30476612
0.042941906
-0.11964464
0.5239124
-0.615147
0.6041521
0.76045215
-0.6000838
0.4332911
0.013105854
-0.75671947
0.025801396
-0.30153754
0.69799113
0.2543438
0.48031667
-0.08012479
0.008036463
-0.4955148
-0.85209936
0.9538775
0.108796924
1.0108163
-0.5111583
0.7095002
0.9922741
-0.7180098
0.64386886
0.74029094
-0.77245253
0.07937829
-0.4672103
0.08562798
-0.08730456
-0.120566696
0.3234469
-0.97720027
-0.46832845
-0.473881
0.23561594
-0.41400707
-0.24691346
0.2835742
-0.4416916
0.2294825
0.23019889
-0.17340878
0.6409554
0.2438183
0.76845074
-0.8767622
-0.10312879
-0.2297765
-0.40354916
0.32368192
-0.37063816
-0.23567143
-0.024403298
0.8768023
-0.29152444
-0.02485632
0.76262194
-0.6862593
0.18854667
-0.5233269
0.61364657
-0.119655535
0.3330592
0.058330923
-0.49319762
-0.63656056
0.4162349
0.1357195
-0.25259858
-0.29454297
0.5852612
0.14098005
0.8784717
0.040411465
-0.6579355
-0.054573007
0.1167477
-0.0884163
0.2767494
-0.08355274
-0.35604632
0.13438
-0.16819882
0.08908922
-0.5164931
0.34984553
-0.08166546
0.05755286
0.8075431
0.54416025
0.8660515
0.23095705
0.19168292
0.52312124
0.49652866
0.87445813
0.812734
-0.25318864
0.6183449
0.5658282
0.40638506
-1.0079527
-0.14573543
-0.56494635
-0.048318446
-0.13010502
-0.5830595
-0.14036788
-0.0883895
0.6780387
-0.57350653
0.8161209
-0.5237136
-0.9847589
0.4777422
0.07296162
-0.6302925
-0.2282275
-0.2820265
-0.6411916
-0.8174256
0.71974504
-0.33051524
0.2285805
-0.8424793
0.20373961
0.23678334
-0.67076826
0.40287387
-0.15935405
-0.8065498
-0.7891717
-0.15304637
0.82931685
-0.36079425
-0.17796493
0.06698776
-0.58012396
0.15630457
-0.097076364
-0.018058648
0.55560124
-0.5055073
0.4323665
0.7451115
-0.005166907
-0.06012691
0.48122072
-0.5279392
-0.047833186
-0.47627753
-0.11720222
-0.4909953
-0.5046821
-0.56583875
0.041357156
-0.25406206
0.5999844
-0.041198183
-0.6326232
-0.4670897
-0.61070424
-0.49368894
0.370458
0.23534593
-0.8552501
0.78201205
0.63741136
0.44234866
0.06995906
0.102404915
-0.56850433
0.0023315707
0.06874195
0.46041232
0.5585463
0.26069486
-0.28392884
-0.14375597
-0.037877303
0.76088303
-0.64510095
0.93071973
-0.13764559
0.699011
-0.42919496
0.114296824
0.862667
0.03620138
0.58726543
-0.9366195
0.6483831
-0.84218806
0.81988406
-0.07840789
0.8497218
0.5415652
-0.47731933
-0.24537678
-0.54831076
-0.5124498
0.8921088
-0.4653797
0.4836816
0.77013665
-0.2135005
0.26224715
-0.5612183
-0.8167388
0.14904284
-0.51670814
0.45525038
0.19186452
-0.30792314
-0.2975585
0.11547694
-0.056742262
0.15756929
0.45558494
-0.03716333
-0.61553746
0.57478535
-0.808397
-0.27035493
0.73313695
-0.14484671
-0.4243273
-0.22989587
0.36605024
0.71796083
0.69018626
-0.034103796
-0.031528577
0.12732513
0.49595723
0.4317765
-0.69194764
0.22551654
-0.46112767
0.6307868
-0.16734846
0.79018694
-0.27868646
0.3841502
-0.6865981
0.11899029
0.57762665
-0.056453582
0.37835974
0.4298601
-0.28560656
0.20030898
-0.43247676
-0.9411561
0.38511026
0.034868468
-0.21463932
0.1511716
-0.06303731
0.5387203
-0.25155872
0.11406359
0.51559746
-0.19316296
0.44728243
-0.5924311
-0.53290224
0.40319943
1.0190443
-0.36921704
-0.6880212
-0.10128292
0.60307604
-0.78959346
0.12032318
0.68130505
-1.0140573
0.5212329
0.7045628
-0.62910926
-0.2578386
0.6925958
0.40665847
-0.3384847
-0.42519823
0.31293723
0.031064017
-0.6541901
0.61350024
0.39399904
0.32188326
0.11468047
-0.8836709
-0.39002952
0.9858215
-0.74104995
-0.4049291
0.18845099
-0.7993348
-0.7657855
-0.13463636
-0.91540134
0.8026238
0.71955955
-0.48364094
0.3269411
-0.77013737
-0.60438466
0.6704748
-0.5263762
0.29210645
0.4882749
-0.21749918
-0.33824638
-0.73412395
1.0617054
-0.61143184
0.15577324
-0.24385765
-0.42967027
0.25697494
-0.30163935
0.64698136
-0.6135501
0.5217859
-0.04077019
-0.4278262
-0.29511368
0.39197892
0.4450851
-0.100341104
0.083836816
-0.9582614
0.5805907
-0.67433846
0.7043503
-0.55869216
-0.050956458
0.6128658
0.17681909
-0.5639671
-0.37508962
-0.12806599
0.37416056
0.2255442
-0.5633471
-0.3925535
-0.23499158
0.27221766
-0.079011835
1.0785985
-0.6623694
0.33915603
0.7389803
-0.83347595
-0.4460636
0.35581273
0.2862224
-0.7921768
-0.7441702
-0.82521826
-0.6571878
0.66132927
0.45019606
-0.7697222
0.42826286
-0.84752357
-0.13429932
-6.3643936E-4
0.79453754
0.19230637
-0.13433474
0.8329555
-0.19295056
-0.5943758
0.7039084
0.6505917
-0.18458611
-0.47221285
0.2244408
0.9827671
-0.15183637
-0.36040294
0.3973152
0.5078725
-0.122331895
-0.9547235
-0.3148647
-0.21335998
0.58227056
-0.7575564
0.7522628
0.91096824
-0.9095085
0.633846
0.9350482
0.87290573
0.28322324
0.57978535
0.3613527
0.47726405
-0.25243217
-0.23082174
-0.9475468
-0.10258055
0.7049835
-1.274031
0.413662
0.28017017
-0.5854914
-0.15889703
-0.6242921
-0.6518331
0.032755777
0.053327646
0.14042856
0.027986374
-0.84383553
0.13346875
-0.017341504
-0.50525695
0.5788735
0.4403209
0.124988474
-0.20119713
0.33121026
0.42373994
0.7445536
0.77695185
0.11906886
0.92031527
0.06263062
-0.31278986
-0.19424905
0.18354462
-0.72616243
0.33219764
-0.44561327
-0.39979422
-0.7054498
-0.70259154
0.10582814
0.2661664
0.10115197
-0.34578413
0.2993702
0.74609905
-1.1863066
0.39674678
0.051438913
0.3119618
0.51442873
-0.4674057
-0.1955171
-0.30810124
-0.73627067
-0.7138382
0.32315087
0.026096763
-0.66846293
0.5959494
-0.021586005
-0.2553421
0.06761371
-0.6386176
-0.5182016
-0.40350208
-0.813312
-0.9922849
0.20438334
-0.15175253
0.37364817
0.68913203
0.63687205
-0.7505892
1.5581948E-4
0.18310142
0.26711032
-0.48918906
0.7705822
0.8342748
-0.73820525
-0.60910594
0.71164995
-0.7562784
-0.11264187
0.3343265
0.36690813
-0.15685068
0.43111384
0.24878669
0.22508979
-0.249316
0.8357567
-0.5093947
0.14684314
0.5065831
0.36087698
-0.68330604
0.66751033
0.08052931
-0.65405816
0.35315675
0.36497042
0.6898315
-0.6312736
0.8511758
-0.6141291
0.24854822
-0.18607926
0.78160065
-0.45410165
-0.07460521
-0.8369306
-1.0972317
-0.92558694
-0.74902034
0.18355183
-0.005563181
-0.4587844
0.8616031
-0.684308
-0.4494561
-0.6120549
-0.6634732
0.40190467
0.07415963
-1.0228428
-0.1818078
-0.5866554
-0.14947164
0.44437438
0.212443
0.5276282
-0.21512654
-0.23674254
-0.4728039
0.50299054
-0.81035054
0.8425879
0.65900457
0.5403663
-0.20671332
0.86572826
-0.7828485
0.64028686
-0.20556363
0.35092145
0.20359279
0.045649644
-0.13257201
0.42990935
0.7083222
-0.54393125
0.7829571
0.012278826
-0.7778124
0.8690359
0.38993782
-0.68849355
0.25582513
-0.32417434
-0.4389352
0.8457086
-0.2651844
0.7120142
0.13351837
-0.6876882
0.7773814
0.31074616
-0.5554818
-0.47656244
-0.2135779
-0.43386957
-0.63289565
-0.54394233
-0.92284876
0.5139346
0.1820793
0.32895333
0.084319636
0.12331419
-0.724754
-0.095025375
-0.54241806
0.51269764
-0.31814748
-0.761015
0.564254
-0.6099982
-0.3258579
0.39123458
0.49961758
0.35440564
0.23468928
-0.4221007
-0.6692731
0.30141968
0.7596682
0.70071787
0.38059694
0.8877397
-0.46716473
-0.048669025
0.17782411
0.650145
-0.6551278
-0.55926836
0.7462975
-0.36301845
0.7429124
0.38742384
0.65978074
-0.21369797
0.78199476
0.45811403
-1.0074116
0.5546192
-0.9771288
-0.07973926
0.1688049
0.3304642
-0.23360942
0.22406495
0.19791722
-0.6054344
-0.41348577
-0.30500665
-0.35070726
0.8714469
-0.82457143
-0.24751881
0.094958834
-0.0861493
0.06613424
-0.26003137
0.9366975
0.47664422
-0.518459
1.03973
0.59670234
0.37490362
-1.1056899
-0.7608012
-0.59695464
0.34139886
0.037049957
0.3828106
-0.7209779
0.09386846
0.6689616
0.74147564
-0.018807828
-0.020758588
0.21155502
-0.336771
-0.58944356
0.421838
0.5635094
-0.8117055
-0.92815655
0.6251716
-0.65357333
0.33919135
-0.90025765
0.41766402
-0.38404483
0.20797543
-0.2917716
-0.967995
0.6758803
-0.7241422
0.59155625
-0.32246947
0.6290272
0.31196243
0.46473387
-0.98054045
0.18898928
-0.38728058
0.56089574
0.7281625
-0.90066826
-0.17847794
-0.6457521
-0.47229293
-0.36044052
0.9536136
-0.5882348
0.37674564
-0.047175977
-0.5333198
0.83934087
-0.9469901
0.48123646
-0.7440708
-0.16624905
0.23174867
0.047222745
-0.7624406
0.6480797
-0.29760614
0.26863372
0.12946747
-0.57309806
0.39537576
0.6353907
-0.24794886
-0.025685309
0.02136441
0.64293015
-0.7515907
0.39062318
0.21144155
-0.2053638
0.7554234
-0.9028015
0.88192177
-0.12846267
-1.1737545
0.59453523
-0.974926
0.3787575
-0.8641237
0.98278534
0.22850105
-0.6967391
-0.6980346
-0.77734506
0.85526747
-0.62278754
0.94111335
0.5732616
-0.2519284
-0.8834093
0.025609355
0.80625504
-0.5429871
-0.26683113
-0.6440467
-0.6749841
-0.19466072
-0.07478282
-0.26111633
0.84064287
-0.43920982
-0.64288366
-0.6415158
-0.20532766
-0.017047277
-0.6855913
0.7727057
-0.89158505
-0.46799687
0.3486343
0.7219812
-0.82115513
0.94164
0.8928106
-0.85664093
0.2645642
-0.95332927
0.7232012
0.23512281
-0.17463386
0.99599904
0.34538895
-0.7746773
0.5968652
-0.15855354
0.57733065
-0.26087883
0.21943685
-0.4562899
0.7095411
-0.51104224
-0.41841397
-0.25307915
-0.639204
0.2070556
-0.68526125
-0.8117551
0.22795717
0.6696644
-0.6895985
-0.8248637
-0.9775409
-0.1136134
-0.6127437
-0.10706245
0.79360706
0.8186463
-0.13917117
-0.19653697
0.115596354
-0.4567941
0.4818011
-1.0564467
-0.27712482
-0.013431523
-1.0419787
-0.07036207
-0.4506401
-0.055046488
0.51402736
0.6253855
-0.37069657
0.9484277
0.35677922
-0.493266
-0.23470587
-0.42348906
0.715587
0.9338466
0.26074132
-0.866028
0.23763491
-0.021939812
0.45373595
-0.0056361193
-0.35778996
-0.4526393
0.36223876
-0.29343513
0.45778584
0.16443208
0.50305265
-0.6447483
-0.6037545
-0.7815039
0.6728982
-0.5851522
0.05777538
0.74065965
0.6314629
-0.3037368
0.66248894
-0.7317262
0.0898276
0.38587725
-0.008591434
0.9077083
-0.8087893
0.17190036
0.28838912
0.78400105
-0.29253983
0.42660904
-0.1558043
0.7592338
-0.34859648
0.99185
-0.41076136
0.51417696
0.01692762
-0.02672264
0.61012423
-0.5066239
-0.06362307
0.67157274
-1.0587952
-0.69929934
0.64457935
-0.3277886
0.43381813
0.9855498
0.07954596
-0.2950855
-0.38190302
-0.6613271
-0.24303372
-0.74509585
-0.6763443
0.6443915
0.7073168
0.32484078
-0.58167905
0.03660753
1.081125
-0.60979766
-0.38206646
-0.36739385
0.8425655
0.7440215
-0.44255522
-0.3904657
-0.8321623
0.052908365
0.42137197
0.25471148
0.21552473
-0.2886119
0.5911047
-0.67227733
0.008166219
-0.5072809
-0.27687624
0.14136428
0.7937548
-0.114187956
-0.32263747
-0.34585777
-0.098931916
0.71701485
-0.5717236
-0.105677865
0.959954
-0.3385182
-0.1036981
-0.7834415
0.3962183
0.692274
-0.5783933
-0.7105059
0.39401516
-0.10690181
-0.38633022
0.12222819
-0.60203266
0.40555537
0.79008156
-0.7767363
0.9746042
0.35924014
-0.3054021
0.24276745
-0.12942992
-0.6245586
-0.16085362
-0.0076223365
0.78384596
0.7953358
0.06204081
1.1702753
0.67632854
-0.021347497
-0.6220836
-0.6158069
-0.03619419
-0.14438334
-0.6456551
-0.7790706
0.57428324
0.6854165
0.3569125
-0.01408375
0.2742807
-0.26443446
-0.16749749
0.16251314
0.45660862
-0.14967728
-0.40706605
-0.75990164
-0.45217127
0.14877032
0.83196396
0.43487915
1.0257446
-0.36974815
0.23795862
0.23906365
-0.4761778
-0.29849634
-0.103610635
0.6346549
-0.013228204
0.32357064
-0.019825423
-0.75513726
-0.51192635
0.74709076
0.34443524
-0.29258275
-0.91208094
-0.2107022
0.16682361
-0.65087867
0.623595
-0.6998974
0.3445155
0.199978
0.9840466
-0.6680115
0.04887942
-0.2756975
-0.07287275
0.6506233
0.99913853
-0.52857405
0.65849364
0.34503973
-0.46412012
-0.0030497161
-0.5129159
-0.76851827
-0.72879374
-0.2564253
-0.38942847
-0.55004793
-0.14793263
0.46729526
-0.3116768
0.44966385
0.30311546
-0.117611684
1.0152627
-0.509666
-0.20762743
0.6798461
0.86279255
-0.13197686
0.17343965
1.1611803
-0.349407
0.32574114
0.104406945
0.637717
0.5980534
0.93735635
0.035009436
0.7743137
0.06986527
-0.89726335
0.83722955
-0.25059777
-0.72844917
0.9789556
-0.34613886
-0.6590376
-0.5719282
-0.04127536
0.60135597
0.33585572
-0.65307885
0.2032295
0.21965529
0.4096982
0.39121854
0.956034
-0.40995717
0.29371172
0.4979795
-0.3472136
0.4233061
0.89385647
-0.17758444
-0.30211538
-0.20587797
-0.3669325
1.1814363
0.29639024
-0.62771434
0.5786306
0.2836356
0.7809219
-0.61825085
0.41174355
-0.5593171
0.70161825
0.7633304
-0.6503082
-0.21734117
0.49636826
-0.30192158
0.15892504
-0.047989555
-0.06037283
0.5163467
-0.65866333
0.8878138
0.7248446
-0.8363894
-0.22821029
0.84996146
0.038692404
-0.6137241
-0.042245567
-0.69931626
-0.03257133
-0.53953046
0.78784686
-0.80969423
-0.7815109
0.30645815
0.13961823
0.7396881
0.3248484
0.047967866
0.24559912
-0.34048662
0.38516715
-0.51527
0.8618304
-0.29052833
0.40185446
-0.9136947
0.4779466
0.6854158
-0.6302492
0.35353595
0.6799781
0.17054626
-0.15777268
0.5226001
0.40343708
0.13443007
-0.038549863
-0.5080494
0.7611041
0.38641092
-0.4132243
-0.057175152
0.6130846
0.20345709
-0.5588711
-0.6446657
-0.37486684
1.0291231
-0.6855549
1.0813566
-0.23759131
0.42162812
0.23259236
0.44442755
-0.16196845
-0.4316191
0.18083973
-0.26408356
0.65023696
-0.47054315
-0.74138325
0.6139586
-0.70138705
0.14696664
-0.468413
-0.1766814
0.3495062
-0.2791238
0.8092925
-0.52979106
-0.096558966
0.45102754
0.27721778
0.27815774
0.7977415
-0.54181075
0.7197556
0.30901936
0.21323277
-0.23529708
-0.8179579
0.60740626
0.5107813
0.69631565
0.6066666
0.37300473
-0.7251443
0.34425232
0.5212589
-0.26967844
0.9056614
-0.32105476
-0.7178813
0.12333959
-0.61864346
0.08737054
0.32752845
-0.85825104
-0.886678
0.38839033
-0.2616955
-0.090341754
-0.29558355
0.59712094
-0.044499412
0.45334733
-0.60122484
0.335732
-0.5403229
0.39877528
0.42070997
-0.5537629
0.3879626
0.027539346
0.118677475
-0.021298373
-0.6327963
0.2623351
0.92060345
-0.65997565
-0.99154466
0.6106083
0.45538437
0.9147009
0.029034076
-0.30295616
0.5643026
-0.7092468
1.0130007
-0.17044736
-0.49047476
-0.54612404
-0.16009802
-0.26015535
0.92717355
-0.49065635
-0.4507026
0.64849883
-0.8971461
0.77095467
-0.4623347
-0.86100703
-0.7154628
0.6982626
-0.46737218
0.26960167
-0.56390756
-0.39233723
-0.14703222
-0.50456136
-0.35150343
-0.6819174
0.77651614
-0.15076546
-0.59317434
-0.3154674
0.34635693
-0.625135
-0.26918375
0.7820925
-0.43671224
0.23731688
-0.38353565
0.18779218
0.43904278
-0.21308494
-0.75056034
-0.2105959
0.36948916
0.023507617
0.6209446
0.20358253
0.7536106
0.40189546
0.68947744
-0.4662386
0.09885904
-0.40097073
-0.35280958
0.101498105
-0.19027802
0.45532715
0.8601979
0.8426122
0.838542
0.7185192
-1.0199434
-0.68219256
0.07879296
-0.6391394
-0.6353916
0.37495515
-0.29638347
-0.6216143
0.3636794
-0.5466168
-0.6265763
0.82985306
0.0675617
-0.6845771
0.22266366
0.26776728
0.7926213
-0.41067228
0.6148648
0.24060278
0.88439655
-0.7533484
0.43068913
-0.74048257
-0.22328724
-0.6880421
-0.7612265
0.26556137
0.7241827
-0.06964186
0.25825015
-0.504214
1.0457842
0.5656671
0.21431653
0.47142327
-0.444273
0.90166545
0.12425261
0.7686047
0.28804854
-0.6674105
0.52536243
0.24701408
-0.6531085
0.6066123
0.21624853
-0.24205108
-0.48615405
0.459691
0.45100543
-0.008890115
0.49985996
-0.42126817
-0.30374667
1.1695507
-0.54127985
0.6827342
-0.5391758
-0.33457318
0.8120482
-0.010693806
0.23079476
0.22330652
-0.9671565
-0.32859248
0.8644103
-0.24593364
-0.0546447
0.04197652
1.135283
-0.8413514
1.0178992
-0.4042743
0.16063365
0.8346919
0.23677391
0.15635404
0.08781692
-0.15576698
-0.92217904
-0.35328114
0.8760978
0.23807292
0.27029878
-0.35900497
0.104350455
0.85380626
-0.5429481
-0.0022094164
0.35040915
0.6386452
-0.021188183
0.7363478
0.7143768
-0.5675394
0.7446442
-0.45993993
-0.85112756
0.5913931
0.29600295
0.34766412
-0.70867604
-0.9577501
0.67223454
-0.49250588
0.16904688
0.20035899
1.0879198
-0.5694672
-0.40815508
0.700482
-0.0048914556
-0.87405944
-0.54837847
0.2924589
-0.69218045
-0.49177396
0.7390796
-0.25499153
-0.4005378
0.44034612
-0.54066837
0.86412954
-0.5432163
-0.117438175
0.114693515
-0.60657513
-0.44759375
0.058237348
-0.24645318
-0.04841766
-0.4638157
0.8918804
-0.7647618
0.26061678
1.0272595
-0.5520503
0.56532246
-0.9608049
0.21147014
-1.0132277
0.2898126
-0.40248245
0.55366886
-0.75736564
-0.44311845
0.08623133
-0.71128124
0.19864735
0.8681456
-0.02479603
-0.33711305
0.23403831
0.8016731
0.5374531
-0.85283905
-0.16334249
-0.26894376
-0.21028818
-0.33713838
0.21957733
-0.7653664
-0.46105537
-0.5597785
-0.7585088
0.7213302
0.5431657
-0.7379443
-0.16588753
-0.42948878
-0.4140608
-0.7004114
-0.59926087
-9.2317647E-4
0.8230874
-0.5422543
0.023677003
-0.25159535
-0.8674343
-0.5547834
-0.6335435
-0.45349327
0.6831661
0.31046915
0.019717319
0.025534412
-0.4651922
-0.12449792
0.09184911
-0.85838985
0.716226
0.31912607
0.72064525
0.6393891
-0.37208754
0.3833007
-0.08639414
0.026743703
0.36197126
-0.22663994
-0.8665654
0.37726417
0.40798688
-0.056047965
0.43789837
0.7228564
-0.35220155
-0.25844914
0.873558
0.21559353
-0.842786
0.2973408
0.31361905
-0.9462669
-0.041358776
0.45706058
0.15654524
-1.0088274
-1.0341655
-0.21499586
0.3482611
1.0650244
-0.24374017
0.14472918
-0.12910853
0.5370678
-0.31211194
0.55541545
0.8598029
-0.25258452
0.48657632
-0.99722564
0.74616563
0.8650149
-0.14197959
0.14932132
0.53216684
-0.25060427
0.5573321
1.1116006
0.20141216
0.6061369
0.89550537
-0.1341792
0.83637035
-0.4517452
-0.58923465
-0.11986934
0.7400947
-0.26005507
-0.23927502
-0.31657344
-0.5471992
-0.4769551
0.5596122
0.31026986
0.8163138
-0.052814946
-0.7151081
0.73559594
0.1245887
-0.73842984
-0.07820481
-0.7334059
0.4451032
0.29372513
-0.5623781
0.7283638
-0.17161445
-0.28820974
-0.70970166
-0.91553783
-0.48478332
0.5743776
0.05056253
-0.79835343
-0.41496664
0.47904527
-0.52800775
0.24837476
0.7034352
-0.3381055
-0.78479356
-0.43976253
-0.6010657
-0.5337135
-0.4539568
-0.28314164
0.120413706
0.30124328
0.51662904
0.90779644
-0.8338736
-0.7290279
-0.0499997
0.14398491
-0.9587891
0.5943601
0.44744295
-0.59643996
0.21035774
-0.6667244
-0.7954169
-0.6146982
-0.51846236
0.3642867
-0.7187457
0.39951643
0.38305858
-0.21366712
-0.6446998
-0.33026016
0.14911705
-0.5313214
0.2284018
-0.049238466
-0.50608045
0.4561855
-0.50162274
0.16328049
-0.52373356
0.107348174
0.31004494
-0.9202108
-0.625464
-0.124172986
-0.14358664
0.50635475
-0.16128904
-0.64650714
-0.07255191
-0.64376885
-0.0018861934
-0.55432045
-0.07628098
0.57890403
0.3589215
-0.37660712
0.58575636
0.21065323
0.7094291
0.5496105
0.36887732
0.6205993
0.16197367
0.6949224
-0.7169533
0.6590752
-0.8927587
0.577762
0.6994596
0.14275733
0.50551623
0.596436
0.39270273
-0.7831608
-0.65545756
-0.7851703
-0.46988624
0.17407672
-0.37054
0.54934835
0.43648204
-0.3848893
-0.4312207
0.39479214
0.15650068
-0.40980113
-0.8184114
-0.5221819
0.8456523
0.11793586
0.3791815
0.32679343
0.20029125
0.4983683
0.8447798
-0.2346016
0.2194669
-0.44423515
-0.65311044
-0.1319912
0.36003312
0.65076435
-1.0018952
-0.81823975
0.8041315
0.6824188
-0.66514677
-0.4698496
-0.2154236
0.19959229
-0.16641964
0.847462
-0.342309
-0.4609897
0.76783663
-0.5896826
0.49162337
-0.5861019
-0.5313504
-0.6151346
-0.85083514
-0.009203818
0.3739296
-0.9600483
0.003370194
0.77613413
-0.85528016
0.715785
-0.18220934
0.37692937
-0.06611179
0.6382048
0.21988076
-0.014488017
-0.58223647
0.14162897
0.65562737
0.13227534
0.90923375
0.14335898
-0.47720325
-0.09164778
-0.061210357
-0.91077006
0.32593265
0.660779
-1.0121778
0.41328835
0.40849367
0.7823115
0.5670436
-0.26016203
0.7097732
-0.2274986
-0.45821938
-0.35249332
0.055334084
-0.6761567
-0.5023909
0.2782065
-0.2629602
-0.28962103
0.54803354
-0.3375581
0.37108988
-0.21602571
0.2765435
0.46828097
0.023199078
0.5183478
0.8459943
0.41591007
0.49015474
-0.6831057
-0.3107838
-0.09596035
0.39104217
0.09497706
0.0786589
0.45572832
-0.22553594
0.54090744
0.511498
0.37002963
0.78473854
-0.08785509
0.5528537
-0.48925322
0.62736964
0.22928673
-0.42047033
0.13115013
0.40299934
-0.25574127
-0.77438587
-0.64351696
0.00727202
0.6618991
0.6931264
-0.49952003
-0.3456551
-0.43420863
-0.75522906
0.4705854
0.11789641
-0.7219838
0.58482325
0.5119964
0.3638133
-0.32336786
-0.1718855
-0.62484413
-0.43681476
0.48747665
-0.8995886
0.82598287
-0.583663
0.35776788
0.2704034
0.037845533
-0.6677603
-0.2752482
-0.2835016
-0.4472355
-0.13187793
0.8700258
0.57366264
-0.46820682
-0.9717678
0.8927821
-0.6326106
0.05444836
0.40286943
-0.39103326
0.81188637
0.4490776
-0.5964675
-0.37018436
0.65026283
0.50768
-0.6536935
-0.6911932
0.547832
-0.13611004
0.53585756
-0.13301066
0.5305146
-0.8626562
-0.006410675
-0.5809628
-0.41675106
-0.22963054
0.16981006
-0.1350212
0.6267673
0.72949594
-0.77918243
-0.22808191
0.26772234
-0.2126263
-0.59317684
-0.5617792
1.0262872
0.24878454
0.2799349
-0.006263337
-0.065713115
0.43997595
-0.48812884
-0.83112365
-0.4780183
0.1586817
-0.77499336
0.3488346
0.5827387
-0.41663358
-0.2785308
0.89813894
0.54996777
-0.9041232
0.473504
0.13121766
0.17268932
-0.6288547
0.66445076
0.42090997
-0.31223235
0.35464516
0.14712618
0.8629479
-0.37879378
0.5138433
0.24117024
-0.78246987
0.41101435
0.3504397
-0.7449391
-0.5696823
-0.76431423
-0.92426175
0.62514293
0.008174522
0.93472815
-0.65149
-0.4235212
-0.41168863
0.8477814
-0.8879483
-0.7436793
0.2807165
-1.0256609
0.27505463
0.2807317
-0.093205556
-0.62072504
0.8795989
-0.33103302
-0.34105295
-0.4291691
-0.37186646
-0.81986743
0.6053784
0.16197295
0.48428887
-0.7480022
-0.24216713
-0.79069364
-0.67018455
-0.80275905
0.48262766
0.4886561
-0.43181962
-0.2953932
-0.22796397
0.77350205
0.103792325
0.5275956
-0.62097555
0.37672412
-0.5541091
0.28672943
-0.3007868
-0.06309081
-0.827037
0.40838775
-0.9620962
0.5660256
0.65336615
-0.5372703
0.09081695
0.8388102
-0.38520586
-0.8380097
-0.35820842
-0.49519476
0.29960942
0.34018394
0.6310205
-0.73250467
-0.56637764
-0.8346068
0.83902967
0.24225838
0.55368
-0.3592372
-0.46957254
0.79935247
-0.51514053
0.104518786
0.12813158
0.69422716
-0.70764935
0.6798915
0.40619612
-0.04332796
-0.54371244
0.60920435
0.08225912
0.13627401
-1.006268
0.006971125
-0.52692676
-0.4757353
0.6176849
0.4832879
-0.35655493
0.15548767
0.6226343
0.020531008
0.006722568
0.75428003
0.6640729
0.039973274
0.40780437
-0.68678844
0.037551258
0.7236046
-0.25599685
0.555164
-0.5199385
0.59731925
-0.10640804
-0.033511028
-1.0726306
-0.30435526
0.66186327
-0.17689906
0.110544875
-0.7032454
0.64316386
-0.18786028
-0.06980985
-0.4158272
-0.37268397
0.88092107
-0.48595828
0.6243352
-0.4503084
0.82642764
-0.9195377
0.4673944
0.4724824
0.36330086
0.8195489
-0.13564427
0.18649259
-0.76097566
-0.023025248
0.7671256
-0.5258173
-0.22180918
0.15922539
0.2916115
-0.3504902
0.21448438
0.91823304
-0.67652756
-0.73621994
0.52854127
-0.7883342
-0.8709927
0.042040158
-0.1883466
0.509408
-0.46584085
0.26468027
0.19753535
0.050057825
0.4857463
0.37253693
-1.104886
-0.48952207
-0.15148894
0.123543836
-0.46988437
0.5239282
0.107915856
0.19376887
0.18033476
0.6197915
-1.076438
0.5637505
-0.44039583
0.5309541
-0.25586578
-0.17124172
0.5830892
0.7004272
-0.57752085
0.22576739
0.023322131
0.37120616
0.13156775
-0.45273486
0.59588426
-0.79125875
-0.7490525
0.6184019
-1.0182011
-0.668861
-0.8880108
0.6179144
0.41848058
0.91591156
0.07921205
-0.5394592
-0.3162654
-0.6906732
0.60007375
0.39498696
7.837916E-4
0.5788765
-0.445041
0.36168694
-0.5392034
-0.24157959
-0.71418214
0.5389916
0.3478671
-0.8384633
-0.0722575
0.5455361
0.5346667
0.19293623
0.80012137
-0.73915744
0.8434764
0.08584618
0.3850879
-0.014562569
0.3484383
-0.35224774
-0.6164456
0.80202466
-0.7322299
-0.24973452
0.2396494
0.07608765
0.60311455
0.36216998
-0.37909445
-0.19107851
-0.049025014
-0.11792261
0.54522073
0.81957126
-0.0036860467
-0.54265857
-0.068348944
-0.27934635
-0.5223803
0.50650156
0.075246684
-0.24014398
-0.68049073
-0.55068207
-0.6698112
-0.66834366
0.34119964
0.26371935
-0.38821587
0.41940665
0.8601239
0.9457937
0.34224004
0.60483295
0.14296821
-0.44892743
-0.5386775
0.57752764
-0.29986915
0.08157381
-0.095894106
-0.78601044
-0.29753065
-0.70085186
0.78731865
0.26895338
0.6120993
-0.4468034
0.18043323
-0.43216297
0.43833295
-0.1748338
-0.18506922
-0.252915
0.4174639
-0.4907696
0.5679849
0.0912145
-0.8630884
-0.28435263
0.18104516
0.38241518
0.62438184
-1.055799
0.40667704
-0.14420152
-0.09849176
-0.35481766
0.7055849
0.39834243
-1.0922002
-0.63505644
0.2593265
-0.9367483
-0.74129134
0.12355627
0.5526469
-0.64595634
-0.8494005
0.23217578
-0.54236275
0.12851644
0.5770703
0.2590273
-0.4821213
0.27069953
0.5557912
-0.2993365
0.9050867
-0.52238333
0.5545579
0.39713946
0.59221816
0.20669502
-0.25517008
0.5997617
-0.73878527
-0.59526086
-0.33082303
-0.3715115
-0.44220364
-0.33766785
0.46894425
0.20592526
-0.4594925
-0.41833895
-0.19870575
0.21979372
0.29812425
-0.63220906
0.674337
-0.20352298
0.5237559
0.6238812
-0.66290957
0.56632096
-0.031477243
-0.19229765
-0.16591908
-0.77676606
0.5502568
-0.20680146
-0.832751
0.57193035
0.25660887
-0.56671345
0.5381131
0.01448153
-0.08954979
0.06441803
0.08431165
0.47108936
0.30049977
0.29470634
0.2526311
-0.7924775
0.86158144
0.5982173
-0.32019356
0.14545421
-0.75734144
0.65196276
0.11433159
0.3306554
0.96895283
-0.043960057
-0.32685786
-0.6502334
0.9513655
-0.77791774
-0.7645432
-0.18855809
0.29637575
0.025476547
0.5496767
-0.07791774
0.67476034
-0.29112712
-0.619013
2.984077E-5
-0.009364814
-0.09566472
-0.22401588
0.51440436
0.057707574
-0.11178457
0.88530475
0.73792714
0.8281402
0.5290816
-0.5839532
0.31816924
-0.7067598
0.548682
0.18035474
0.5044773
0.065120205
-0.8415829
-0.032323383
0.49194854
-0.1093895
0.47302076
-0.69695014
0.6379994
0.362916
-0.54495806
-0.39677036
0.76864576
-0.069187604
-0.22959697
-0.18656103
-0.36272967
-0.14379092
0.51446563
0.8400826
-0.1017216
0.17242843
-0.82471365
-0.62128466
0.29239175
0.19467634
0.7365369
-0.83612865
-0.21920401
-0.117756054
0.8885797
0.72759885
0.0046547633
-0.57861054
0.8640501
-0.83133143
0.29412955
0.6121521
0.65284926
-0.6979871
0.35049325
0.39936557
-0.22835921
-0.43437225
-0.533422
-0.7779911
-0.14267421
-0.70950323
0.29905546
-0.01870916
0.53445226
-0.33890447
-0.26222864
-0.36250597
0.6133565
-0.28668842
0.14824873
0.916401
-0.1486962
0.2709005
1.0791227
0.41758195
0.0014380759
0.20141812
-0.53678757
0.8404362
0.7229294
0.83075726
-0.08548029
-0.40729722
0.64853835
0.7135975
-0.028151339
-0.8142691
0.2787818
-0.15644479
0.6956534
0.15515341
-0.6278871
-0.45755118
0.6625949
-0.6449045
0.7671418
-0.3307488
-0.72454983
0.7491362
0.029881345
-0.0685979
-0.9266012
0.56982803
-0.5884378
0.34285071
0.860282
0.039451126
-0.2605204
-0.9119856
-0.03237421
-0.07392894
0.02316892
-0.11554414
0.98535985
0.48750994
0.13834572
-0.5735054
-0.80449617
-0.22674336
0.7816947
0.006270448
-0.20661801
0.6697358
-0.68564725
-0.25910255
-0.55062306
0.03312265
-0.20360926
-0.44596493
0.66619617
-0.09254983
-0.37441495
0.66641057
-0.801605
0.46201572
0.43003783
-0.34031922
-0.16048096
-0.39358458
-0.31253645
-0.67408603
-0.21535647
-0.8078729
-0.3782011
-0.8075737
-0.0481662
-0.59204054
0.6447001
0.6258472
-0.79153293
-0.10532271
0.20077187
-0.83108234
0.65304536
0.39255992
0.6468472
0.74553996
-0.3404586
0.68842167
-0.52736145
-0.5497679
-0.74969316
1.0213742
-0.29848757
0.18692726
-0.56491435
0.007912373
0.77241623
0.28002566
-0.6755671
-0.19339766
0.60092634
-0.13794737
0.8153611
0.13816072
0.42165774
-0.26436374
-0.49729377
-0.16356033
-0.6434129
0.7794503
-0.8489536
0.6249557
-0.45674205
-0.7768084
-0.52721584
0.36934432
0.8524443
0.8594901
-0.13644718
0.40090796
0.71098584
0.13771516
-0.10367983
-0.8232492
-0.22348447
-0.46275663
-0.69901204
-0.5298956
0.5479176
-0.59770834
-0.5291148
0.44833526
-0.05208439
0.44568542
-0.7952227
-0.17532717
-0.78870225
-0.50648266
-0.5138617
-0.09356827
-0.8358662
-0.52480876
0.41788006
0.92298657
0.49653715
-0.23811534
0.10050676
-0.4342075
0.47402337
0.44564256
0.14571244
-0.1771843
-0.5663316
0.486297
0.1567668
-0.3328155
-0.5956118
0.09134726
0.71935076
-0.13654338
0.07397055
-0.5364813
0.110262975
-0.43433082
-0.17963096
0.37921658
-0.6478418
0.15065861
-0.38966998
0.22532679
-0.08169306
-0.38917696
0.13397433
-0.25078043
-0.47208956
0.7150755
0.7727837
-0.47887388
-0.16871436
0.6538389
0.4947094
-0.357914
0.027831104
0.7912338
-0.3950774
-0.49786472
1.029269
-0.8429306
-0.6283825
0.60509884
-0.43534747
-0.15928479
0.8366293
-0.7278736
-0.060695525
-0.09972841
0.15509906
0.37359384
0.015535641
0.2011672
0.833606
-1.0357373
-0.30836245
0.8485743
-0.18051296
0.23452392
-0.934734
0.8080872
0.23549302
-0.38761514
-0.53489804
0.6521648
0.45829687
-0.6572516
0.65017533
0.3862646
0.22889295
-0.8437004
1.0070002
-0.35662067
0.74430525
-0.37007633
0.792419
-0.33317003
0.16804583
-0.0067386543
0.7463391
0.46348685
-0.80061483
0.8388455
0.77346313
0.5709667
0.23429543
0.3940082
-0.024109274
0.24229209
-0.36310452
0.8424925
0.13312334
-0.10078746
0.6137544
0.12974869
-0.54240084
0.8905131
-0.94538534
0.8598936
-0.36328197
0.26317334
0.3582544
0.043345563
0.20429611
0.6581979
-0.80852056
0.60092163
0.8913865
-0.4975516
0.98097736
-0.16547039
-0.18762243
0.77843064
-0.5738216
0.66160583
0.3614282
0.10826225
0.21534741
0.75605106
0.8039006
0.08059503
-0.8390357
-0.37183642
0.9323664
-0.44519693
-0.836897
-0.062749915
-0.22541746
-0.8163581
0.27100098
0.32495198
0.22653441
-0.48802873
0.24753912
0.5999252
0.8908065
-0.12989487
-0.42380476
0.7279758
-0.33308354
0.6487411
-0.043868225
-0.11414545
-0.07760911
0.41908932
-0.10691822
-0.47768188
-0.6142917
0.46028396
0.60716885
-0.55224407
0.4117951
-0.13872477
0.65378696
0.056083538
0.19159427
-0.15677425
0.991302
-0.08076358
-0.7956882
-0.08112934
-0.341213
0.44856018
-0.08202627
-0.18487403
-0.71470505
-0.32020453
-0.6502774
-0.6128663
0.7205222
-0.7505415
-0.69211423
0.12875138
-0.17593654
-0.46910632
0.097858824
-0.54814047
0.61712253
0.64730716
0.14142285
0.29959893
0.16311182
0.66608596
0.19131082
0.42805
0.10357345
-0.47479588
0.77194214
0.991373
-0.33188674
0.36622414
0.3873452
0.4182002
-0.40968475
0.15198767
-0.66808593
-0.24935871
-0.7430773
-0.27786484
0.5459875
-0.49701533
0.8370094
-0.40043947
-0.7766426
-0.20558985
0.7056247
-0.7744624
-0.12423188
-0.09768434
-0.28855184
0.26421708
-0.4817038
-0.47771725
-0.68121296
0.014103721
0.80923796
0.23385374
0.1131504
-0.14498092
-0.03277815
-0.1435608
-0.20190766
0.08907384
-0.5012899
-0.56064177
-0.17005996
0.15363215
0.2660497
-0.2640047
-0.6080057
0.83008605
-0.051821854
0.39339626
0.7045057
0.59343165
-0.8580946
-0.77720845
0.016151663
-0.3185736
-0.67266095
-0.09469668
-0.58173275
0.3518814
0.076469995
-0.17380838
0.6511183
0.13606119
-0.5418157
-0.5973305
0.029287534
-0.32185113
-0.7234255
-0.8358292
0.07803053
-0.39248025
0.16142291
0.047227073
0.75184363
-0.6050983
-0.16019028
-0.8106326
-0.8551185
0.7460935
0.3286255
0.16414762
-0.62100214
0.36280158
0.6894465
0.03475361
-0.724897
-0.08143554
0.26761952
0.050550964
-0.5889316
1.1474558
-0.4006161
0.4505337
-0.41658193
0.820873
-1.020745
-0.79239345
-0.38277614
0.015647724
0.640081
-0.7872615
-0.06990759
-0.20569348
0.2610671
0.47178724
0.22143643
-0.72665507
0.90073574
0.42717245
-0.5574719
-0.15061538
0.9047504
0.16546553
-0.10184098
-0.19711685
0.8862411
0.17124933
0.8197921
-0.31166714
-0.56328076
0.10018221
0.65006196
-0.38491115
-0.67433107
0.32606888
-0.3130586
-0.5093035
0.1295113
-0.957418
0.80919164
0.75688845
0.4627593
-0.079210624
0.6410207
0.45665455
-0.87039846
0.28991023
-0.21720122
-0.8115701
0.9151998
-0.025794301
0.64779365
0.0028971846
-0.62872213
-0.4360083
0.06034501
0.3285238
0.50621444
0.45153853
0.14023486
0.28853935
0.116751514
0.8687812
-0.9285368
-0.37874743
-0.5200197
0.5889916
0.27907526
0.32503495
0.4668626
0.03771781
0.061597083
0.7629016
-0.37541336
-0.5271631
-0.29529014
0.9287227
0.5768242
-0.45468816
-0.9806831
0.8715552
-0.35919467
0.021898508
-0.14820185
-0.67847013
-0.28532663
0.48988453
-0.48740575
0.47863343
-0.9341013
0.70975083
0.6524515
-0.10273097
-0.702159
-0.12560219
0.9209778
-0.8025166
-0.62021875
0.82305425
0.28110868
-0.78736115
-0.33746275
0.6346985
0.50459224
-0.27063522
-0.32265717
-0.6083673
0.5508223
-0.7887988
0.2349459
-0.41972554
0.4579595
0.5405759
0.62774986
0.2703369
-0.20868787
-0.9974691
-0.63101107
0.034511697
0.5696335
0.5674928
-0.2138663
0.38387442
0.16131915
0.20446272
-0.67407084
-0.43079242
0.9389855
-0.18206844
-0.1150184
0.16901359
0.11858889
-0.64919305
0.22435315
0.1420173
0.3484336
0.3360289
0.5390142
0.015820066
-0.59754944
-0.5689894
0.1719396
0.7213635
0.855674
-0.4978837
-0.6949203
0.11030402
-0.4510301
-0.24045265
0.041526016
0.415933
-0.47506532
-0.5643103
-0.7163019
0.48535973
-0.6033393
0.8301612
0.16945343
0.85156685
-0.7361707
0.011148186
-0.33625495
0.8459387
0.38003623
0.62413466
0.55236715
0.42434174
-0.7614956
0.52921915
0.86398125
-0.5435458
-0.2142792
0.40126568
0.7732062
0.89934695
-0.69201875
-0.4591608
0.7163624
0.038649127
0.45364124
-0.47920248
-0.06765149
0.3496555
-0.113210745
0.6460866
-0.52415854
-0.70487237
-0.7249617
0.14500767
-0.44608998
0.100227594
0.096000515
-0.77966464
0.117829
0.17498825
-0.06835562
0.08337096
0.30665836
-0.9621599
-0.10000956
-0.63088
0.16351987
0.695056
-0.031518035
-0.0057247058
0.7521079
-0.6269197
0.88381016
-0.1616458
-0.03002851
0.5937751
0.81517935
0.5839112
-0.581587
0.64595383
-0.34131742
-0.11757064
0.12144955
-0.4721427
-0.60580254
0.42752033
-0.4580399
0.7579688
-0.40826714
0.08971405
0.69230634
-1.0435444
-0.25178713
-0.5120438
0.1762885
-0.5487927
-0.30756924
-0.53279424
0.4502441
0.6363982
0.5665576
0.27689382
-0.067703694
-0.531221
-0.64763767
-0.4953004
0.825127
-0.92567897
-0.915436
0.93376076
0.41981328
-0.45515394
0.66329026
0.091635756
-0.27367267
0.28279167
0.40171602
0.34873098
0.4879192
-0.7903463
0.34239748
-0.13759947
-0.6239661
0.59132075
-0.32758507
-0.6509497
0.7777049
-0.22839427
0.8022149
0.15816733
0.50934726
-0.658568
-0.7057574
-0.63654625
-0.13099736
0.30056763
-0.28812507
-0.034033958
0.11183
-0.5832836
-0.17475861
-0.7683417
0.7913477
-0.631434
-0.029047938
0.7808579
0.5947868
-0.101643875
-0.64334315
0.67930454
0.3356952
-0.6527589
-0.7482322
-0.43864948
0.10121488
0.6173868
0.40265265
0.15200414
-0.2315464
-0.33329725
-0.42415565
-0.33727193
0.4807769
-0.39056197
-0.60495144
-0.626004
0.29932487
-0.7505513
-0.47565284
0.76401633
-0.46401337
0.8373025
0.52541864
0.7259662
-0.626176
-0.62230766
0.046123866
-0.28429595
0.49564168
-0.68846476
0.86125547
-0.10121044
-0.7440966
1.0215888
-0.5221405
-0.4168647
0.5955643
0.3996541
-0.8908289
-0.2984693
0.08549198
-0.115149654
-0.959665
0.09171176
0.33409405
0.39997125
1.0860717
-0.6246741
0.22262226
0.0683173
-0.2824405
0.6407901
0.31446773
0.20048323
0.3420603
-0.31705514
0.08588555
0.32342476
0.98133844
-0.32746542
-0.37139508
-0.072336875
-0.51226896
0.8221087
0.57380414
0.47171557
-0.52351415
-0.43025607
-0.29992786
0.454933
-0.61075544
-0.4183154
0.6722092
0.41566333
-1.1027629
-0.97560185
0.29877523
-0.9084108
-0.2589482
-0.0368368
-0.46684587
0.83780926
0.9267918
-0.104138635
0.52162874
-0.7605311
-0.5394492
-0.16136874
-0.1954833
-0.15496416
-0.17191532
0.25016856
0.23611794
0.30563322
0.29822013
-0.56334597
-0.39544827
0.5817777
-0.48420992
0.8511735
0.13088046
-0.20695455
0.12957285
0.6303111
0.5993531
-0.8137582
0.6334147
0.23946801
0.18166725
0.34319353
-0.78604597
-0.3397223
-0.85215604
0.81090426
-0.31194746
-0.32085523
0.6518366
0.84662825
-0.65070975
0.082762174
-0.35686997
-1.0093251
0.44583392
-0.6341475
-0.28860268
0.43376356
-0.09469504
0.66821456
-0.83063656
0.35188016
0.4121047
-0.40021354
-0.6658782
0.11353452
0.92474824
-0.13418494
-0.2598495
0.30483776
0.09327907
0.81874424
0.39094225
0.24750382
0.3194335
0.7694318
-0.014340744
-0.2685027
-0.43860427
0.27016234
-0.17465384
0.4006523
0.6449685
-0.21603696
-0.6434013
0.28137112
-0.17628253
-0.41034734
-0.30374444
-0.3139446
-0.341827
0.87459975
0.22441706
0.5789774
-0.27493033
0.18628693
-0.8874697
0.20541193
-0.61362845
-0.68530023
-0.50249934
-0.69899535
0.1190612
0.5183584
0.60515285
0.11193076
0.2059049
-0.5482275
0.74081993
0.6248512
-0.22352886
0.009025844
0.5692221
-0.4240002
-0.8352881
-0.15610202
0.12632541
0.6141955
0.14952542
-0.43572152
0.47096446
0.6502109
-1.0355301
-0.72707826
0.99849
1.0507739
-0.9051707
0.5660509
0.52036417
0.56443405
-0.51950055
-0.6429235
0.6340627
1.0447712
0.42538857
0.6896355
-0.24281129
0.9712824
0.11567586
0.33064604
0.029230513
-0.20669723
0.43851447
-0.54148036
-0.6456347
0.3685081
-0.5477339
-0.28580448
-0.76719105
0.488674
-0.09261441
-0.18034948
-0.3837828
0.44704467
-0.36326167
0.0955039
-0.22480907
0.6551505
0.45037842
0.7373512
0.63556063
0.08849639
0.55398166
-0.59329146
0.58392274
0.22414146
-0.5313218
-0.97603565
-0.6490022
-0.8503591
0.03186438
0.08543307
0.8449107
-0.9281239
-0.65934896
-0.31720987
0.10053932
0.6941802
-0.15984483
0.12702952
-0.45082015
0.19729768
0.17993645
-0.19736783
0.25299594
0.33782881
0.25520682
0.35928798
-0.87095714
-0.7553018
0.4400516
-0.10227941
-0.08973667
-0.050540667
-0.10356788
-0.24517457
-0.5139111
-0.48822308
0.58835363
-0.28251487
-0.7959735
-0.5032097
0.9850165
0.12604713
-0.23139578
-0.16314183
0.51995707
0.2259517
0.8568038
-0.23506582
0.49413517
-0.6138683
0.19515863
-0.8728803
0.71687645
0.7734767
0.5596464
0.29254723
-0.7041551
-0.006527502
0.3843818
-0.2752533
0.0023902846
-0.5829112
0.06298465
-0.9200625
-0.7224673
0.91393614
0.3170423
0.5933137
0.5579361
0.6567025
0.86876607
-0.69680405
0.58691317
0.09680898
0.75599176
-0.35697347
-0.011471998
-0.33545318
-0.491893
0.79139894
0.10058619
-0.5667181
-0.6956824
0.7178668
-0.3270346
0.4588912
-0.3222791
-0.26441503
0.90528136
-0.7466378
-0.1724801
-0.16743393
-0.43780974
0.21744744
0.8333329
-0.38905913
0.24449746
-0.62705934
0.73790234
0.16463535
-0.60020393
-0.40116674
-0.7470453
0.2945401
-0.26391605
-0.6842483
0.7673114
-0.3534651
-0.7324047
-0.428952
0.7210856
-0.67204744
0.26598632
0.59793705
0.4741324
0.12648085
0.25261945
0.44852445
-0.10619761
-0.7434698
0.33690363
-0.63628054
-0.6074085
0.36248323
-0.5581619
0.38923502
0.10134146
0.42708567
-0.17489387
0.9179508
-0.85716385
-0.5916922
-0.5702837
0.534164
0.1371696
-0.8069742
0.36317006
0.66978496
-0.9148535
-0.18051215
-0.047468245
0.48027608
-1.1577821
0.79270864
-0.333604
0.6052321
-0.5463828
0.83527416
-0.7801685
-0.3479816
-1.2078396
