0.9630961
-0.50091314
1.1265062
-0.62179035
-0.47232434
0.4096427
-0.24467304
-0.21424665
0.34657386
-0.36361173
-0.5065423
-0.6969024
0.57095176
-0.61226326
0.22491366
0.8252387
-0.16207378
-0.46266067
-0.023844332
0.8551444
-0.53120023
-0.6029617
-0.30359697
-0.33813912
-0.11884974
0.07913643
-0.10565515
0.084106766
0.1457397
0.5608709
0.9476327
-0.12923752
-0.93331665
0.7262728
-0.20133346
0.73954326
0.5091952
0.57855403
-0.005908426
0.5503955
-0.32826513
-0.7047977
-0.61273026
-0.10573698
-0.36782297
-0.22814606
-0.0057682446
-0.49625298
0.0953726
-0.19263901
0.8418905
-0.019931175
0.34042618
-0.8748473
0.42481837
-0.64638937
-0.49305987
0.74782723
-0.4117917
0.15408245
0.20169581
0.64746743
-0.023511287
-0.7867058
-0.081399165
-0.8700854
-0.43225768
0.14676373
0.9260988
-0.4227071
-0.3010795
0.3881846
0.32944164
0.5721746
0.5744697
-0.28023648
0.6193329
-0.77523744
0.7650726
-0.5680961
0.34807107
-0.3917469
0.22271115
0.26303092
-0.29764295
0.7569057
0.15329579
0.64145964
-0.20859303
-0.42786884
0.78549093
-0.48152843
0.21948953
0.4978399
0.411282
-0.4252212
-0.6060911
0.5430179
-0.2978315
-0.73206675
-0.15642728
-0.27923203
0.091967836
-1.0094028
0.7380305
0.8976072
-0.07129067
0.9644051
-0.18997483
0.224564
-0.56371975
0.70696473
-0.24865882
0.11140632
0.52218395
-0.26923457
0.0781164
0.0068007163
0.09457078
0.6991088
-0.18164426
0.08742282
0.6137339
-0.2754552
-0.061347406
-0.95136595
0.8530815
-0.026949484
0.67432
-0.88393384
0.03303004
0.9044903
0.24978751
-0.535305
-0.28959444
0.78397536
0.55939865
-0.2841989
-0.8372781
0.26648748
-0.117835015
-0.44379392
0.23575819
0.094162226
-0.019752376
-0.52954733
0.44345593
-0.6181577
-0.19356376
-0.30270836
0.6426608
-0.70351976
0.6858593
-0.7473661
-0.88394886
-0.767087
-0.79298383
-0.29011798
0.35316995
-0.32949236
-0.68377155
0.8773511
0.038859792
-0.5288725
0.114927076
-0.5454846
-0.87601006
0.16734192
-0.22302467
0.52335393
0.2942626
-0.118662044
-0.097684145
0.02460144
0.8752478
-0.6106846
0.6762033
0.5475509
-0.46745306
-0.7426195
-0.5213079
0.09234417
-0.33207
0.5037604
0.3726529
-0.43658125
-0.26080605
0.2571249
0.53439784
-0.28597426
-0.28665787
0.52129346
-0.81130284
0.05288379
0.8922094
0.36509502
-0.3748662
-0.25729513
0.20270014
-0.73718345
-0.6321473
-0.18511592
0.858952
0.267196
0.014666002
-0.7572004
0.28004515
0.65532523
0.36533022
-0.747899
0.113748945
0.7316361
-0.75970346
-0.4062764
0.8680921
0.4565566
-0.539452
-0.34442753
0.95149654
0.6046429
-0.3185727
-0.16419238
0.22265816
0.2807121
0.33933
-0.59086245
0.63678324
-0.7950473
0.6941457
-0.16785763
-0.12562536
0.24689984
0.34810877
0.3448102
-0.86664367
0.16951564
-0.45909488
0.21346231
-0.14640716
-0.49371758
0.08011976
-0.22065252
-0.050259836
-0.5700972
-0.16350603
0.61994326
0.52291965
-0.19295198
-0.097614266
-0.5822808
0.27086225
-0.3396287
-0.53605825
0.58072585
0.038451724
-0.7503934
0.710697
-0.018249882
-0.8892536
-0.5010474
-0.84723175
0.8028597
0.32449877
0.8222457
-0.63296616
-0.549456
-0.16710839
0.5054343
-0.75258344
0.8602345
-0.8124736
0.53895885
0.6796807
-0.58091015
-0.41232663
0.40947187
0.78109705
0.0011552043
0.22905646
-0.41277784
0.5508654
-0.9759544
0.61341393
0.34377104
0.2052111
0.61976546
0.78932035
0.065300405
-0.8444942
0.48637524
-0.9289109
-0.9562886
0.86633563
0.46617642
-0.0817466
-0.08815952
0.5859109
-0.02531779
0.46316284
0.055957202
-0.5579557
0.123867214
0.58690894
-0.7450266
0.31932843
0.2530352
0.2199159
-0.38382897
-0.41308483
0.25627443
0.4137317
-0.31953374
0.36249644
0.59446865
0.39842793
0.40475553
0.6034518
0.13714287
0.23268126
0.09463315
0.73562115
-0.27744922
0.11125243
0.19714859
0.5723261
-0.3423334
-0.1139803
-0.21320923
-0.27117798
-0.52310616
0.46882764
0.55238855
0.21850574
-0.19548625
0.039791543
-0.96695346
0.43551603
0.06630859
0.2261019
0.099580996
-0.61935043
0.30519354
-0.27008215
-0.8142411
-0.20092908
-0.14222583
0.52474904
0.3006059
-0.9937434
0.48638344
-0.88001835
-0.17018917
0.33579177
0.5441791
0.15084872
0.18462154
0.18995203
-0.69294995
0.6304682
-0.10363631
-0.9749367
0.89627254
-0.4232399
-0.8805864
0.097539194
0.24351276
-0.06899307
-0.17473166
0.0013421432
-0.9024774
0.5708357
0.60356253
-0.52962786
-0.7711156
-0.45853347
0.1607165
-0.12812594
0.1023936
-1.0147552
0.39175203
-0.89166987
0.088623
-0.99993366
0.32006052
0.5688557
-0.6212026
-0.49291947
-0.5273874
-0.55429804
0.041099794
0.24124682
0.23097083
0.84778106
0.7684757
-0.77388394
0.6048141
-0.39310476
0.7885446
0.0152445035
0.82677144
-0.75086933
-0.26362753
0.21301237
-0.60736156
-0.25873068
-0.111608215
0.82624626
0.039852522
-0.77790767
0.36741525
0.29478124
-0.9689339
0.49306133
-0.59657705
0.163192
0.66995025
-0.3331162
-0.26874503
-0.30608878
0.827203
-0.62890565
0.49288997
-0.4030443
-0.37677404
-0.44606298
-0.23823984
0.65117157
0.13524733
-0.30203268
0.78132886
0.52005726
-0.3530589
0.8740491
-0.52980626
-0.1330057
0.58146054
-0.0739212
0.41349465
0.53648794
-0.26160836
0.70594376
-0.25984037
0.4910766
0.036039952
-0.42304626
0.031035418
0.35829362
0.20581788
0.71119475
0.03357154
0.19951025
0.5383922
-0.74155843
-0.004585432
0.4010521
-0.6277918
0.7309042
-0.751932
0.30429915
0.21916704
-0.44279644
-1.0061448
-0.018240793
0.7729961
-0.62992203
0.12776847
-0.5560218
-0.090903714
-0.20606896
-0.27527025
-0.29130563
0.68839586
0.063611165
-0.6752448
0.32669204
0.08372311
0.24989444
0.20727445
0.28771335
-0.11649645
-0.48463115
-0.09586511
-0.6368225
-0.25953636
0.51638436
0.31838426
-0.88521576
0.6722889
0.6925101
0.49563235
0.5099736
0.71381164
-0.80835897
-0.80925703
0.17795011
-0.2315113
-0.06156562
-0.2815506
0.08986683
0.23310189
0.22686012
-0.8745186
0.4596716
0.6136456
0.9664872
-0.26792642
-0.654992
0.83970505
0.67463326
-0.9171961
0.019929916
-0.11178596
-0.9057728
0.45741537
0.39026323
-0.55032533
0.03478301
0.62382084
0.18754436
-0.38774595
0.0802049
0.6504749
-1.0725528
0.2142042
0.26728863
-0.74190396
-0.002561683
-0.346186
0.8360216
-0.53258795
1.1020029
0.8242922
0.8703091
-0.6639988
0.25790957
0.10075739
-0.9076485
0.94237006
-0.5721172
0.27723575
-0.8730617
-0.45735177
0.7912286
-0.6658543
-0.111924104
0.01886244
0.7457899
0.561512
-0.15673462
-0.83287627
0.23406865
0.76428455
-0.9211259
-0.21386862
-0.8951275
-0.6660691
0.5953798
0.9463748
-0.098440245
0.1135242
-0.2328644
0.20667912
-0.22813714
-0.024416288
-0.05008212
-0.33171752
0.08162931
-0.7316906
-0.17914204
-0.8113248
-0.7514478
-0.054441117
0.46333298
-0.9060136
0.53904366
0.7062755
-0.57199544
0.04865627
0.9421704
-0.28113228
-0.35062027
-0.392125
0.021625685
0.7975275
-0.3999932
-0.27073842
-0.95259976
0.5122625
0.6325721
-0.7616542
0.8037045
0.109879464
0.2660533
-0.38185757
-0.2659777
-0.31221676
0.8592971
0.044438325
-0.40155882
0.032169953
0.44042364
0.24188267
0.3479779
-0.22866403
0.3087204
-0.4794
0.7416068
-0.19659239
2.9011728E-4
0.33688924
-0.14066848
0.52078944
0.2230437
0.02547618
-0.69430166
-0.74220055
0.36560005
0.53603756
-0.022278614
0.0055312654
-0.20165816
-1.0250719
0.9553476
-0.40933958
-0.39226365
-0.2204897
0.5597236
-0.0798616
-0.33772087
0.18251361
-0.44917533
-0.04003
-0.74808866
-0.1601593
0.68273675
-0.31786093
0.15884845
-0.5709254
-0.91997534
-0.16702418
0.3774084
0.5298695
-0.96779734
-0.2184862
0.029077496
0.16157602
0.97155654
-0.9474636
0.41734418
0.65148175
0.33125114
0.43059617
0.116379455
0.14573227
-0.31124184
-0.7002772
0.8602815
0.89153993
0.082835816
-0.41310322
-0.57373303
-0.121400535
0.6597742
-0.2296817
-0.5310316
0.14095989
-0.22225174
-0.058369193
-0.09127526
0.080903
0.43453088
0.17953084
-0.75376016
-0.31053874
0.68727624
-0.6526084
0.1636069
0.38314652
-0.4993282
0.8011932
0.5862375
-0.18543305
-0.072047144
0.053254522
0.6421966
0.51361156
-0.31096637
0.5309905
-0.49266455
0.2679073
-0.101699986
0.028624654
0.0051580695
0.22065885
-0.69891465
1.0003366
-0.29973158
0.7485243
0.8731763
-0.5015592
0.6353891
-0.22915609
0.7547454
-0.05199446
-0.18424764
0.46795076
-0.34328905
0.8501728
-0.678149
-0.17425549
-0.54415894
-0.3696229
-0.86894053
-0.50977176
0.56708103
0.27924427
-0.0018368044
0.33683598
-0.25580117
0.23275645
-0.40062487
0.1360128
-0.49200514
-0.17880441
-0.52347565
-0.15879413
0.39358217
-0.1693516
0.43316
0.34260413
-0.6507406
-0.672932
0.48542836
-0.081787035
0.18130459
0.051429063
0.42125195
-0.2716498
0.22230889
-0.2724293
-0.63509136
0.34796187
0.13072753
-0.5374498
-0.6958447
0.58070296
-0.19610873
0.08483567
0.39258343
0.4560858
-0.40606722
0.31533074
-0.43086287
0.62138337
0.58287853
-0.70444876
0.52674985
-0.27756393
0.86485404
-0.5786637
-0.6776109
-0.56049955
0.7178865
0.17939526
-0.36152604
-0.3070688
0.3078361
-0.5815698
-0.6601511
0.57131964
-0.39845452
-0.3066206
0.8325484
-0.4316653
-0.7461838
-0.47518355
0.7822026
0.21011835
-0.9677211
-0.26832968
-0.54936075
-0.0043962216
-0.49980545
-0.1988342
-0.023300197
0.4199532
-0.6416862
-0.16924974
-0.032364387
0.5094217
-0.023060719
-0.24611114
-0.67257786
0.6963783
-0.28121942
0.41876993
-0.29459152
-0.81213856
0.6181168
0.853142
-0.84089094
-0.042855937
-0.14124891
0.22063062
0.38223916
0.5519911
0.12718669
0.21833485
-0.6130771
0.5765579
-0.4883273
0.5440421
-0.44665217
-0.8048792
0.58970106
-0.5704371
-0.31673396
-0.03621368
-0.40932518
0.32031894
-0.5926873
0.005281096
-0.30816692
-0.04678834
0.06258807
0.39851058
0.39429712
0.29420966
0.041597217
-0.73845
-0.5225912
0.2754832
0.5879402
0.22515155
-0.11750707
0.0103542255
-0.37441525
0.88362396
0.8359887
-0.56591195
-0.24311022
0.039824344
-0.47265127
0.0975466
0.66636664
0.14944054
0.74617094
-0.39550236
1.0560387
0.33054537
-0.07241869
-0.2907767
0.17501315
0.35281923
0.6647302
0.120193996
0.19395505
-0.042449802
-0.46002626
0.5019442
-0.10823485
-0.5862726
0.037810408
-0.58881396
0.6567917
-0.34464914
0.52209574
0.097877406
0.3929083
-0.1880744
-0.38978913
0.1263071
0.49986234
-0.3517891
0.1954372
-1.153071
0.23816225
-0.6098008
0.649703
-0.16383177
0.2689889
0.77729195
0.21306136
-0.15536778
0.14685386
0.31957877
0.19895521
-0.15929182
0.3024445
-0.8781201
-0.37940615
-0.26326177
-0.0099472655
0.40453216
0.68862504
0.47852892
0.13459046
-0.75728554
0.299357
0.5325256
0.8314406
-0.5265343
-0.34542134
0.10283044
0.31041253
0.27655798
0.69624
0.5943247
-0.7642056
0.106221795
-0.100057535
-0.13815631
-0.718874
0.2446967
0.6974562
-0.45122424
0.2652547
0.4606019
-0.9416047
-0.42148176
0.39802676
0.7309966
-0.8791159
0.8605065
-0.73354304
1.0119507
-0.7672062
-0.6513483
-0.18038577
0.6933078
0.19236538
-0.5309559
-0.090448275
-0.40276256
-0.012692653
-0.13873544
-0.6469739
-0.56100774
0.045958288
0.3725652
-0.25142932
0.43837625
0.14338836
-0.9201422
0.113329194
0.2991492
-0.6649277
-0.72065043
0.83161575
-0.15058348
0.4764486
0.47619462
-0.087645985
0.41502362
0.116299994
-0.24137634
0.059592064
0.3018451
-0.7265112
0.2033411
0.00801555
0.39170432
0.8598012
-0.14272955
0.47300816
-0.75017685
0.71479315
0.0933494
0.5514104
-0.27888095
-0.97540885
-0.4952316
0.104746096
0.12214316
-0.39318955
0.595939
-0.7580028
-0.19515124
-0.4057669
0.010851804
-0.1970317
-0.08157896
0.13807985
-0.70720476
0.0019041502
0.6694108
0.5235206
-0.045940723
-0.47868946
0.705588
0.07717855
0.03616264
0.8528578
-0.815802
0.06693174
0.7973246
-0.41753495
0.40879762
-0.0417936
0.3697255
0.17296678
0.34625316
-0.26634967
-0.28281412
0.3181429
-0.8994688
0.6195296
-0.22391622
0.8713094
-0.91302747
0.9073921
0.0516399
-0.032893386
0.039506055
-0.8373018
0.31975344
0.15098915
-0.16573447
0.2174834
-0.5086454
-0.48407245
-0.7142413
-0.33486354
0.72669977
0.18483192
-0.8337722
-0.92773056
-0.5025059
-0.27197388
-0.1578861
0.7559775
0.016073402
-0.461327
-0.34056348
0.43934777
0.7267391
-1.0028923
0.52794284
-0.3361976
0.4371125
0.6181895
-0.04705636
0.4787041
-0.3940112
-0.3200918
0.6524087
-0.56650954
0.059278503
-0.6991187
0.10003867
-0.80381596
0.3212585
0.40427867
-0.6679244
-0.35730213
-0.40318754
0.89977664
1.0689007
-0.47279567
-0.49097675
-0.488294
0.3557734
0.36382732
0.06037307
0.63582766
-0.8651617
0.83434385
-1.0206984
-0.6882328
0.69992584
-0.27873248
0.07764314
0.3795262
-0.037607696
0.11586255
0.32415995
-0.656276
0.07105939
0.74079067
-0.32476658
0.5600679
0.59668106
0.054399945
-0.537322
0.61880183
0.7418681
0.076976284
0.17189568
-0.7936091
-0.05830162
-0.28984126
0.58522683
-0.06605709
0.07739545
-0.71888304
0.40589672
-0.2833689
0.34689805
0.12531753
0.44357193
0.63163453
-0.53660285
0.38830322
0.8203323
-0.30544972
-0.193027
0.60084337
-0.50888157
0.04760077
-0.89119226
0.87434864
-0.8823083
-0.6701934
0.30579337
0.24547802
0.4041858
0.36719194
0.096890055
-0.25043893
1.05032
-0.71244866
-0.6816564
-0.20284548
0.13427885
-0.47780153
-0.82202846
0.020282889
0.18240649
0.09905823
-0.6491863
-0.83917284
0.5792676
0.6064909
0.28411695
0.24227296
-0.06335691
-0.1352105
-0.38215807
0.15597692
0.47470245
0.5744439
-0.56059986
-0.086745776
-0.24693525
-0.40548474
-1.0144843
-0.8357432
0.40953454
0.28303474
0.77405447
-0.20875397
0.46492308
0.70670724
-0.44006005
0.27265438
-0.20021932
0.45405975
0.33081225
0.6971304
-0.48220348
-0.66004485
-0.52626526
0.5923324
0.30446917
-0.8746776
0.56722075
-0.30646786
-0.4127948
-0.10778471
-0.40319958
0.7122124
-0.44814175
-0.17949279
0.7179274
-0.30300006
0.018315384
-0.24324188
0.446849
-0.67913085
-0.19956344
0.34909987
-0.1766214
-0.529679
0.26880378
0.4258378
0.51115423
-0.08127167
-0.8746188
0.011572852
-0.27659827
0.34112003
-0.6299213
0.37012348
0.39891022
-0.92293626
0.73041946
-0.3132566
0.19966759
-0.71776587
0.7430712
0.24185164
-0.7348018
0.04226628
-0.42309183
-0.35014698
-0.40139112
0.61934006
0.39390022
0.69610316
0.52937883
-0.43284088
0.62451196
-0.6750542
-0.033844586
0.40825394
-0.5180395
0.07259027
0.6800703
0.6796031
-0.64233786
-0.0021316602
0.29617864
-0.0706403
0.14736846
0.86063987
-0.50655377
-0.47764137
-0.71527106
0.43741465
-1.0708144
0.50334585
-0.78030956
0.37095183
-0.43782726
0.109406896
0.1796649
-0.20573586
-0.71362585
0.23945396
-1.0467907
0.45695958
-0.17650878
-0.35710913
0.17663954
-0.47338286
0.9071779
0.2607168
0.7559404
0.0034153005
0.65191245
0.091128014
0.4489372
-0.19474138
0.4735314
-1.1101935
0.64536935
-0.6943867
-0.9869568
0.60861605
-0.7583781
0.35121655
-0.11502753
-0.04320752
-0.56953335
0.6198593
0.50605386
0.7601438
-0.5582523
-0.45084706
0.75270593
-0.43928847
-4.1050458E-4
-0.43448383
0.016794583
0.022536414
0.3835651
-0.312653
-0.84319353
-0.4458089
-0.8401212
-0.9398148
0.4523275
0.75723416
-0.8120547
0.81946015
-0.49652869
-0.6559212
-0.59390825
0.6575208
-0.30644578
0.64665025
0.70814216
-0.50408745
0.4912951
-0.049965363
0.6831461
0.69330776
-0.5286967
0.19971965
0.34869573
0.7054981
-0.57582253
-0.2480158
-0.46787447
-0.9662424
-0.4961399
-0.48556897
-0.854535
-0.71968085
0.11620444
-0.67990935
-0.4769984
-0.8651375
-0.38125613
-0.679924
0.33838695
0.39918578
0.6563744
-0.63048095
-0.604794
0.47033942
0.13965681
0.6319042
-0.37308675
0.60041755
0.12224104
-0.48574758
0.8931981
0.32755536
-0.4354478
0.3541363
0.27010742
0.64397466
0.91064626
0.027722225
-0.17505935
0.22130382
0.18353185
-0.7619684
-0.36569104
0.8037126
0.3652928
0.7067577
0.09472534
-0.052484494
-0.6248383
-0.2685971
0.9299626
-0.79370296
0.28039625
0.4549167
0.27906474
0.33319694
-0.61635816
-0.25057846
0.041317355
0.33696142
0.44677368
0.4115312
0.08071039
-0.64510965
-0.75042725
0.4173711
-1.7552145E-4
0.3474006
0.7164775
-0.59862036
0.61996466
-0.06953068
0.11756425
0.38366112
0.4631132
0.21612677
0.24579248
-0.62737995
0.14935376
0.14697625
0.5279294
0.61928105
0.30902636
-1.0498075
-1.063569
-0.3943384
-0.70944345
-0.11468137
0.2927822
-0.40060496
-0.38419244
-0.59919345
0.13058445
0.5628078
-0.3818591
-0.08629265
-0.095018685
-0.94553274
-0.57203525
-0.21705264
-0.7751234
-0.61153746
-0.38034797
-0.3940469
0.64312965
-0.78513235
0.42137447
0.32507777
0.13053592
0.7149031
-0.7812453
0.242238
0.36156514
-0.26765668
-0.17377424
0.25861332
-0.33842275
0.16908816
0.3263605
-0.64808095
0.44637904
-0.6610694
0.66537166
-1.0829958
0.4620867
-0.86875093
0.10592252
0.17450838
0.28352436
-0.32774457
-0.5018602
-0.20121625
-0.0070181075
0.51705414
0.021342998
-0.79203904
-0.43868938
0.08816487
0.15105687
-0.06890098
0.35490298
-0.35132572
-0.3494425
-0.85165143
0.3840674
0.56681716
-0.69520783
-0.10324973
0.027245123
0.76668173
-0.19894233
-0.7061213
-0.29529282
-0.24987884
0.96708506
0.19168463
-0.43951255
0.51539737
0.013789742
-0.35143957
0.165401
-0.64640653
0.6757406
-0.38596553
0.124041244
0.23142323
-0.03493492
0.3852475
-0.6458648
-0.5194762
1.0003961
0.6231453
0.16202581
-0.9270619
-0.56052136
-0.33856735
0.4394544
-0.5008209
0.90071934
0.24302629
-0.3952113
-0.23044583
-0.589058
-0.007346191
0.7979545
0.2339432
-0.20786443
-0.4991042
0.045368876
0.5606087
0.6555222
-0.48087123
0.6247706
-0.20749497
0.15962392
-0.24253641
0.26442084
-0.60185856
0.42674512
-0.11401075
0.3004485
0.005756188
-0.39350373
-0.2541894
-0.09105442
0.5325377
0.5811424
0.69182605
-0.22155346
-0.56118
0.13280933
0.67443496
-0.7116383
0.31995177
-0.039321005
-0.45180255
-0.06184348
1.1093917
-0.1733236
0.0058179176
0.40892452
-0.4743022
0.5061013
0.31615022
-0.60096884
-0.19349335
-1.0206686
0.77414405
-0.34669998
0.7027838
0.9023786
-0.69721115
1.0120739
0.208506
-0.14484856
-0.6504472
0.40429068
-0.644304
0.38763648
0.3261237
-0.64276725
-0.06324335
-0.6172082
-0.5319649
0.38261753
0.31972992
-0.12702258
-0.069751166
-0.6583254
-0.6526871
0.38009477
0.6577668
-0.85586977
-0.9069195
0.08422336
-0.029713057
0.012464389
0.9987217
0.05271274
-0.5656826
0.3095514
-0.63077545
0.47870675
0.49932846
0.39474472
-0.52640814
0.62296504
-0.15100585
0.7216135
0.61050695
-0.57131857
-0.42490405
-0.4701221
0.2216307
-0.1791013
-0.08162952
0.43521848
-0.660374
-0.07915877
0.7713464
-0.69297147
0.28275725
0.10407254
0.3870026
-0.014895461
-0.5981697
-0.14816292
-0.09681374
-0.59600806
-0.00927411
0.072335616
-0.47483814
-0.12030007
-0.2441138
-0.37815276
0.0746065
0.7001819
-0.30676797
-0.63328004
-0.21784045
0.45568794
-0.646886
0.39176694
-0.530721
0.52945113
-0.347368
0.051081356
0.17419556
-0.5918211
0.8755027
0.40780547
0.7317159
0.23226753
-0.71770257
0.7822466
-0.92313063
0.7512789
0.73196
0.3048312
-0.35884687
0.57323843
-0.1647321
0.64829504
-0.860317
1.0116991
0.71213806
-0.016724715
0.23950718
-0.9528337
-0.2254099
-0.64362204
-0.4309047
-0.5410862
-0.3936065
-0.52840257
0.275965
-0.7824238
0.7492193
-0.31150308
-0.31014353
-0.7827355
0.021148253
-0.31704226
0.41149694
-0.15494326
0.048566982
0.10777421
0.022116657
-0.34681797
-0.6111812
0.10836092
-0.20238376
0.3665627
0.44185483
0.46474215
0.031295933
0.043062467
0.51641273
-0.49373174
-0.34567186
-0.8384104
0.022287915
0.22721894
-0.31737703
0.4470005
0.44058272
-0.07425713
-0.37619436
0.42163584
0.6501299
-0.14877124
-0.17037664
0.9103637
-0.40582612
0.7271217
0.71279854
-0.5169719
-0.08391977
0.8072493
-0.4705034
0.22237094
-0.34369028
0.007935507
-0.059505675
-0.32275403
0.48985207
0.47699392
-0.29458606
0.5642997
-0.33413985
-0.08888434
-0.085944586
0.19665912
-0.2480554
0.1427903
-0.15138765
0.83204764
0.6293683
-0.19687852
0.85363925
-0.4290524
0.1363364
0.5561175
0.46783134
0.15375438
0.046794046
0.75054127
-0.19137129
0.06259931
-0.08282841
0.9479149
0.3917974
0.3792171
0.42920938
-0.050042536
0.60791177
-0.5244712
0.3380892
0.1367084
-0.51795286
-0.8352371
-0.1508902
-0.4316421
0.39254642
0.80689305
0.7608311
-0.23624939
-0.14333259
-0.046989206
0.8599043
0.24549982
-0.13981785
-0.5440266
-0.36282897
0.074299455
-0.22520654
0.46906984
-0.7728926
-0.8647583
0.7197655
0.77418333
-0.07215475
0.8264683
-0.8215967
-0.28672945
0.12192432
0.96078146
0.6021618
-0.07803308
-0.09477802
0.18028717
0.40457258
-0.18467604
-0.58237135
-0.5671815
0.32017896
0.121946335
0.32222235
-0.050554913
0.17436148
0.6272745
-0.042590924
-0.52952373
0.14733653
0.8325506
-0.035353303
-0.27274284
-0.3425161
-0.11565636
-0.30342555
0.5678529
-0.3169983
-0.48035544
0.10987438
-0.8487719
0.56560546
-0.6647418
-0.1324112
0.2335496
0.644888
0.42190948
0.7245284
0.034249462
0.60179305
-0.26709297
-0.016374627
0.13789365
-0.34789434
-0.1532227
0.21548216
-0.7332675
0.50738
-0.7432759
-0.4961043
-0.54280066
-0.2460506
0.96261925
-0.4624535
-0.1841863
1.0974271
0.19472696
0.95004743
0.13124107
-0.4947665
-0.80260175
0.2459178
-0.5515171
0.08097172
0.12498164
-0.8584088
0.32325453
0.61643416
-0.50745946
0.3708278
0.756966
0.37354556
0.25070214
0.7434934
-0.39422292
0.6155122
-0.15790604
0.3223962
-0.18971185
0.07565671
-0.58265895
0.47993422
-0.66097575
0.22245091
-0.388544
0.8261108
0.4157147
-0.483153
-0.07550615
0.8273059
-0.38221577
-0.07614793
0.8027823
0.25059462
-0.06241871
0.20578262
0.61515903
1.0138745
-0.1790563
0.9222752
-0.22915885
-0.099119075
0.24553324
0.12136778
0.53325456
0.26939788
0.81238127
-0.35249487
1.0038707
-0.45173106
0.5884635
-0.0024169413
0.32318887
-0.82996386
0.12679172
0.21036497
0.44238707
-0.48337212
0.52772266
-0.6249396
-0.53485066
-0.3957191
-0.6996371
-0.5924186
-0.32745522
-0.34153637
-0.2604137
0.22888161
0.8303117
-0.09554752
0.6413229
0.20356235
-0.6187933
0.057951536
-0.17296444
0.26968628
-0.90699434
-0.2574812
0.8111679
-0.3641852
0.37972853
-0.40174565
-0.4024605
0.9676167
-0.33206093
0.430043
-0.46304286
0.19100165
-0.18661506
-0.43430814
-6.398902E-4
0.64585936
0.46590802
-0.82378775
0.63580513
-0.27244705
0.7591828
-0.6879684
-0.41718984
0.29377434
-0.09619762
-0.35894933
-0.12222756
-0.22845823
0.654601
-0.49232703
0.046214104
-0.72414845
-0.17727928
0.39581802
0.10171879
-0.2850437
0.20189387
-0.10493315
0.2602838
-0.7749194
-0.0844163
0.652347
0.06272928
0.39910677
0.7534872
0.28882658
-0.17898339
-0.5096806
0.5561913
-0.5217977
0.8409312
-0.49725294
0.5259298
0.5669485
-0.65493274
-0.10428274
0.33753705
-0.77682847
-0.58755034
-0.29669803
0.93039906
-0.32213423
0.46483383
-0.28428912
0.22263597
0.04900665
-0.62514627
0.20424438
-0.46189564
0.39569676
-0.45017242
0.5199688
-0.3855004
-0.4466369
0.2690754
-0.6818851
0.34205168
-0.48358944
0.38429135
0.29356253
0.38353258
-0.45514578
0.48925257
-0.50915796
0.8343235
-0.5064912
0.4235463
-0.61446816
-0.3132668
0.68414795
0.44491905
0.12456992
-0.2363751
-0.01833555
0.021123528
0.425535
0.30628803
0.10579515
-0.009496803
-0.4725409
0.07911302
-0.2149722
-0.8930445
0.35582912
0.7459165
0.13989656
-0.3530377
-0.5190378
0.7318957
-0.45237112
-0.34505987
-0.0015065377
-0.6516015
-0.07553583
0.11004359
0.7181323
0.93432057
0.25258163
0.3484154
0.035704337
0.89551705
-0.7492397
-0.12154559
-0.41878173
0.22071812
-0.91002274
0.5345501
0.4421128
0.6503004
-0.5876255
-0.4152803
-0.59078526
-0.70870626
-0.31971052
-0.037503548
-0.023458187
-0.20400208
0.94232994
-0.33233675
-0.29230046
-0.030676791
0.039441872
-0.29275084
0.28213942
-0.99093777
-0.09966388
-0.33055988
0.17139333
-0.39978844
0.97606814
-0.40015122
-0.3862917
0.9877651
0.16329113
-0.5571276
-0.040273953
0.49632388
0.035899978
0.16771388
-0.22719502
0.34824425
-0.69188863
0.219941
-0.3344026
1.0108651
-0.84435314
0.83814806
-0.70400107
0.37878448
0.5688461
0.037415784
-0.77110976
0.3388515
-0.6896393
0.24626751
0.17914148
0.7927451
0.7463533
-0.51442075
-0.46901834
-0.9078551
0.5896772
-0.04195053
-0.48059365
-5.0295447E-4
-0.0673981
0.49146426
0.015307584
-0.9365456
0.5866364
0.48749697
-0.86603373
0.42329553
-0.44835088
0.5034646
0.60077333
0.59251773
0.59362423
0.42090118
0.24070463
-0.36773968
0.42325532
-0.007238084
0.60467607
-0.10935123
-0.28749508
0.4397175
0.19190179
0.4077181
-0.083282374
0.07337841
-0.54222274
-0.3998604
0.07296099
0.28607732
0.024948107
-0.5532417
-0.0409693
-0.7998064
0.30167076
-0.5682035
0.14597817
-0.081220895
-0.6224414
0.57877225
0.49997723
-0.53182197
-0.6407374
-0.03158629
0.46639872
-0.3575852
0.31584826
0.16128118
-0.8672786
-0.18536825
-0.42068246
-0.051535647
0.0809931
0.58216786
-0.26235294
-0.5993561
0.42238304
0.046633657
0.42705402
-0.6659726
-0.22646575
-0.21494049
0.43855223
-0.81980294
0.7014153
-0.69220114
0.4558622
0.7060092
-0.09520283
-0.6117073
0.35606936
0.07478953
0.23472695
-0.18867174
-0.5898685
-0.4250358
-0.05506133
1.058152
1.2326591
-0.3905353
-0.357407
-0.45290568
-0.11760792
-0.6339508
0.114122525
-0.27052417
0.057965733
-0.12668625
-0.33555335
0.87613046
-0.70110756
-0.06305711
0.74390966
-0.40912527
-0.3761038
0.27558258
0.8667143
-0.87766093
0.23336565
-0.3150522
-0.354823
0.22505744
0.62188447
-0.40875745
-0.39765656
0.63987714
0.15461017
-0.33071798
0.87145203
0.68931675
0.4107279
0.6840874
-0.9320969
0.41003025
0.48594698
-0.43133172
0.20978393
-0.019409467
0.026188448
0.47240224
0.28760678
0.23155507
-0.7879934
0.028482849
-0.5829477
-0.03133298
-0.2459437
-0.3984537
0.595967
0.22945592
-1.0369306
0.5162017
0.5400421
-0.4048409
0.47319016
-0.7482972
0.005258723
0.9936103
-0.61895144
-1.0003232
-0.39336178
-0.7792605
0.0027672572
-0.2596801
0.3873415
0.6576499
0.7709961
0.7250815
-0.46621373
-0.9130176
0.27142617
-0.28241888
0.49482206
0.20586655
0.70234907
0.45787415
-0.88911813
0.6848163
0.002773566
-0.98495597
0.8068561
0.84898525
-0.4585033
0.36703205
-0.56278586
-0.38093698
-0.12639454
0.2877617
0.26048148
-0.11924155
-0.23116675
-0.26471138
-0.8520512
0.03137682
0.53307235
0.5090444
-0.6066632
0.6815902
0.6288098
-0.41101643
-0.673773
0.49263674
0.7567935
-0.23796591
-0.5781114
-0.4767343
0.86457556
-0.043347087
0.7153615
-0.13776237
-0.27836403
0.7283389
-0.18035927
0.5329572
0.36167556
-0.7797368
-0.19823354
-0.70749557
-0.59538716
0.41119748
0.4051806
-0.20616186
0.60006714
0.11550253
-0.06401249
0.3787453
-0.594775
0.5628582
-0.22801179
-0.3388876
0.10551251
0.39452228
0.31671473
0.7193712
0.82834595
-0.96867615
-0.7571763
-0.6650318
-0.55649006
0.6314146
0.17800722
-0.32027733
0.065239474
0.47652212
-0.7086471
0.85613275
-0.9168648
-0.5213602
0.9140654
0.34774888
-0.16851136
-0.08049563
0.4970021
-0.80683607
0.9281936
-0.29992703
-0.4874472
0.0814837
-1.0024207
-0.54775894
0.031575676
0.19510093
-0.6042619
-0.21734823
-0.12192249
0.60220087
-0.22990236
-0.25883582
-0.52479255
0.20068642
0.6603987
-0.49235293
-0.56331426
-0.4374863
0.07329481
-0.5468719
-0.3378578
-0.53313124
0.14981927
-0.54867107
0.46807593
0.81470424
0.315813
0.18375362
0.081007354
-0.36426982
0.70018464
-0.4843388
-0.61190885
-0.66540885
0.1636784
0.22573319
-0.7403175
0.97215974
-0.36535886
-0.42900974
0.77898085
-0.10648107
-0.6226605
-0.043574
0.6361245
-0.7607321
0.4558278
0.21881703
0.52939284
-0.33404362
-0.7456814
-1.0546192
0.68972045
0.5574576
-0.75198555
0.7825609
-0.5530758
0.08024388
-0.787083
0.056494556
-0.5026793
0.12852958
-0.1444121
0.17621337
-0.74821085
0.4197091
0.70133305
-0.79042184
-0.5216401
-0.2043567
0.40121523
0.5866822
0.7089088
-0.67450947
0.009862635
-1.0305164
0.62758255
0.5747876
0.50649834
-0.056230303
-0.09386637
0.06182792
0.6232287
0.8386444
-0.302261
-0.35150158
0.74965245
-0.48378462
0.13992453
-0.17343915
-0.3061448
-0.47594842
0.259716
0.13453168
0.17010888
-0.3327879
-0.120724685
-0.42231306
0.68355197
-0.3608158
1.225362
-0.25276732
-0.6160537
-0.66759497
-0.04211813
0.17884088
0.08869062
-0.64753455
-0.711112
0.52160186
0.28427902
0.3734039
0.23159742
0.20460548
0.29483688
-0.27728024
-0.74730194
-0.40553293
0.46698055
0.4979765
-0.1752628
0.3020319
0.036281575
0.020807654
-0.55079645
0.16719556
0.45438674
-0.53104407
0.23878814
-0.07340022
-0.021426547
0.8748042
0.61347646
0.23551497
-0.18201645
0.29316288
-0.9733564
0.8494778
0.36321935
-0.7827912
-1.0515994
-0.08699319
-0.7012729
0.20333122
0.32846376
-0.59672815
0.16001901
-0.22579741
-0.1211732
-0.4667155
0.18239306
-0.28076616
-0.17738393
-0.5549034
0.21754383
0.080270715
-0.30132124
0.5622348
0.61791563
-0.24068263
-0.2880726
0.06559042
-0.100509435
-0.29384372
0.22136836
-0.52519363
0.68569916
0.68978834
0.15237871
-0.13901883
-0.19005606
-0.46288717
0.10413319
-0.43282965
0.7727155
-1.0825151
0.30058134
-0.97583526
0.6851622
0.60553634
-0.8457791
0.74400705
0.2513662
-0.85514474
0.10746562
0.60855526
-0.046748742
0.41701084
-0.6259057
0.64560264
-0.54733104
-0.9008428
0.45446002
0.43421903
-1.0298008
0.2237968
0.10256267
-0.7476728
0.24329035
-0.46365595
-0.90132016
-0.04858003
-0.15382677
0.30958036
-0.20896845
0.56308603
-0.2956539
-0.031935163
0.23607929
0.543036
0.64983106
-0.3214746
6.5027276E-4
-0.31032112
0.117833644
0.38805628
-0.51317555
0.9581553
0.1730422
-0.27556095
-0.35343218
-0.4530766
0.5247114
0.88471097
-0.64584315
0.525706
-0.5455706
-0.20970248
-0.3675184
-0.65046895
1.0183954
0.07099924
-0.641434
-0.1495212
-0.70867413
0.7643629
-0.3417769
0.53708404
-0.24875934
0.27669027
-0.1449116
0.0012635315
-0.04628891
-0.14291205
0.079524145
0.017472807
-0.5083641
0.389767
-0.8212609
0.18069758
0.8257638
0.02459333
0.43788254
-0.93548906
0.7311676
0.7667958
-0.37730882
0.7159398
-0.14434287
0.12994784
-0.20895803
-0.34835148
0.015057101
0.8069998
0.36607835
0.2194333
0.5092662
-0.4803824
-0.2102312
0.7127917
0.71844274
-0.88774794
-0.91693276
0.17131054
0.033170458
-0.56177306
0.84709245
0.6365673
-0.37319222
-0.110969014
0.4932202
-0.12984495
0.7381152
0.16639926
-0.621177
-0.4103418
-0.8047357
-0.21367274
-0.20530628
-0.034937795
0.4656982
-0.8921643
0.39846247
-0.15760005
0.16070198
-0.21161225
-0.10925334
0.4705501
-0.5455013
0.24919438
0.5875655
-0.4081869
-0.4950819
0.4396126
-0.16135117
0.72328216
-0.9195159
0.15160015
0.811238
-0.1717399
0.749212
-0.3195859
0.25465497
-0.04252876
-0.6956861
0.5435307
-0.558582
0.4014316
0.15734401
-0.5111576
0.6080664
0.78907365
-0.39193636
-0.036697555
0.64137566
0.2738093
-0.35953477
-0.1376643
-0.2936251
0.49520335
-0.5802344
0.4810902
0.2190106
0.01947127
0.28767276
0.16328192
-0.26017472
-0.34417608
0.83433527
-0.9236166
0.32538712
-0.7078047
0.09982663
0.620592
-0.6103651
-0.7691449
-0.2801487
-0.5473498
0.78912705
0.57587594
0.1692617
0.3071117
0.18014206
0.44797048
0.62870014
0.67353475
0.6559973
-0.2158287
0.4127133
0.3427247
-0.31993634
0.8865064
-0.5944065
-0.14246148
0.28176063
-0.13917674
0.9629519
-0.9484647
0.5050853
-0.11936651
0.19358787
-0.23423642
-0.8256988
0.5573179
-0.69518244
-0.29367292
0.16634092
-0.79858494
-0.77313805
-0.35979366
0.40155706
0.15724346
-0.4367899
0.47901955
-0.73988944
0.0880009
0.62710476
0.52083707
0.18874624
-0.2911747
-0.32007998
-0.4466807
-0.6802878
0.44320455
-0.0750037
0.09466875
0.23750491
-0.3021072
-0.13081437
-0.031311274
0.16002613
-0.3356494
0.33075806
-0.10693803
0.19383359
0.057853505
-0.11439389
-0.13445377
-0.6516556
0.06681283
0.8219003
-0.45626676
0.035898373
0.23062563
0.089547835
-0.1787256
-0.7606942
-0.5045407
0.023823243
-0.6770398
0.52514046
0.45515648
-0.9547699
-0.28044757
-0.4417706
-0.3673244
0.29459587
-0.20892046
0.040557135
-0.7387004
0.12005887
0.5750543
-0.5376446
-0.7896949
0.48048493
-0.82336587
0.7055603
0.64936453
-0.97611916
1.1025572
-0.4624421
-0.6687822
0.32466108
0.19944449
0.25627133
-0.34748915
-0.4867307
0.03043175
-0.41835117
-0.7735177
-0.64519775
-0.5478496
-0.13903125
-0.24440181
0.38485116
0.23397118
-0.41125542
0.7194372
-0.07636975
-0.060053587
-0.97356844
0.6105788
0.62434894
0.33589032
-0.1989917
0.3506604
-0.32790607
0.588408
0.5311691
-0.36622423
-0.053979784
-0.2683739
-0.5677112
-0.016115842
-0.5360985
0.74079734
-0.667403
-0.9732867
0.28419182
0.6247337
0.8405671
-0.122363925
-0.31918547
-0.049625162
-0.82369983
-0.10656444
-0.26282442
-0.11959457
0.71782035
-0.4339541
0.55783844
-0.78980196
0.47588047
0.22105801
0.25344998
-0.5798285
0.44301426
-0.114383645
-0.58858275
-0.34979224
0.54131275
0.54506034
-0.33560973
0.17195253
-0.3321978
-0.6665161
0.7727159
-0.399138
0.55332226
0.62133497
0.12205477
0.972123
-0.44781366
-0.00668326
0.5439398
-0.26953247
0.45179513
-0.048181783
-0.20697546
0.3915531
0.42834955
-0.9449994
0.13310696
0.81339735
0.77730584
-0.8709663
0.4763778
-0.68633455
-0.37269378
-0.8708006
-0.24845314
-0.4310414
-0.9283997
0.91498077
-0.3538078
-0.3189483
0.6270981
0.10486514
0.17870775
-0.7788728
0.6912053
-0.011854421
0.18303499
-0.8212001
-0.28324524
-0.38564867
0.43162698
0.509363
-0.009606409
0.56614196
-0.64211875
-0.7892795
0.9878199
-0.7644647
0.96580815
-0.67198414
-0.12697855
-0.0046296623
-0.113595605
-0.23388536
-0.48797727
0.61233735
0.35124552
-0.15704072
-0.49032542
-0.26024887
-0.6767167
-0.49283776
0.6059913
0.63561326
-0.24645981
0.4798926
0.4924392
-0.9247819
-0.4445096
-0.27854484
0.70683956
-0.081313014
0.15527458
1.1315101
0.10584213
-0.43930265
-0.13107638
-0.5303191
0.8886411
0.67903644
0.99359745
0.49225292
-0.92934644
-0.3965191
0.39864433
-0.22733185
0.91258436
0.9330495
0.42983714
-0.29648975
-0.057019945
-0.8951004
0.42285445
1.0541756
-0.5842518
0.046620052
0.1212764
-0.10596425
0.525947
0.10406674
0.58119005
0.17383975
0.42917156
0.24016216
0.08142614
0.7045538
-0.5502955
0.42534146
0.5632359
-0.027394949
-0.3238338
0.5818232
-0.8203659
-0.04505111
0.22593708
0.47737616
0.7024002
0.30447206
0.33426285
-0.067932166
0.8623829
-0.4759244
0.5237368
-0.013803594
0.21574055
0.7034574
0.5373168
-0.57496476
0.08759995
-0.4802076
0.81964433
-0.8962471
0.60904694
-0.78071815
-0.124243855
0.06959222
0.10242433
-0.34198913
-0.1171467
-0.2543448
-0.39416838
0.8166302
0.11980438
0.028092671
-0.71149606
0.12749076
-0.62956226
-0.063459694
0.7020583
-0.83521086
0.09508674
0.38351503
-0.9988613
0.5303376
0.4613047
0.037137195
-0.74595404
0.06797709
1.0329839
-0.26615238
-0.5398319
0.49210286
0.39940423
-0.46172866
-0.029948771
-0.37427926
0.5552681
-0.18369018
-0.7253403
-0.32913548
0.00805602
-0.10644254
-0.029655663
0.6679268
-0.63980734
0.46402073
0.3274215
-0.40913647
0.4476598
0.45331886
0.20208038
-0.013420688
0.08784445
-0.6130276
0.3428897
0.4595609
-0.52277744
0.036084652
0.5096469
0.19187361
-0.46974954
-0.24715385
0.75897443
-0.73984796
-0.43099317
-0.6902986
-0.8401811
-0.22546059
0.26599646
0.8108773
-0.3479482
-0.64913017
0.8238881
-0.64787805
-0.53196377
-0.70673096
-0.48515016
0.6471045
0.32586938
-0.5922696
-0.8285329
0.4107654
0.67206794
0.5160399
-0.7843676
-0.6642362
0.36302307
0.52466404
0.019124871
-0.5196369
0.39826068
0.64071846
-0.64715385
-0.40164593
-0.34197488
0.29306453
0.18052457
-0.3375021
-0.4295272
-0.34392774
0.023994409
0.86736184
-0.27297664
-0.17771643
-0.27923387
-0.25158745
-0.6719631
0.22814442
-0.57447666
0.91654605
-0.17942739
0.3438759
-0.8727468
-0.36763275
0.651443
0.44008598
0.45190436
0.08507707
-0.64574796
0.576175
0.2604706
-0.66051525
0.107098944
-0.18042678
0.28906953
-0.29945883
-0.79732937
0.66176224
-0.72266066
0.5557669
0.31966445
0.3988894
-0.712377
0.2210431
-0.7059753
0.45111376
0.07948991
-0.32696328
-0.114673965
-0.057814255
-0.20742446
-0.6419181
0.58965975
0.008848834
-0.19656654
1.0279701
-0.07387206
0.92582154
0.05037234
-0.49571145
0.13647681
0.47934905
-0.50379044
-0.00471697
0.3351541
0.7840559
0.031794883
-0.058388658
-0.036753837
0.031022627
0.9002536
-0.57126766
1.0815591
0.3623357
-0.28391328
-0.39116216
0.68705416
0.42328337
-0.42402273
0.3538012
0.38780788
-0.3550994
0.13138674
0.114364706
-0.30023637
0.05653705
-0.0030551876
0.7272664
-0.33145818
-0.62894607
-0.51266336
-0.5180447
0.61754566
0.7997878
0.26069927
0.54856175
-0.96038204
0.046717495
-0.8325867
0.5676254
0.34509018
0.10073772
0.5599082
0.70951957
-0.07219544
0.090587646
0.3684959
0.3767943
-0.74767226
0.62156284
0.18494345
-0.10283149
-0.23450497
0.96325994
-0.7355454
0.6970839
-0.780326
0.81191653
-0.38654816
-0.44877344
-0.50341135
-0.73900366
-0.32928956
0.33991548
0.2085201
-0.062527105
-0.46201688
0.4930836
-0.17473784
-0.9344325
0.7243374
0.15094061
0.23060827
0.13812283
1.1457992
-0.5675083
0.020282447
-0.47235915
0.8387976
0.113558546
-0.6212612
0.4273503
0.78320104
-0.8659592
0.32842928
0.42310533
-0.77924085
-0.67239106
0.85637254
-0.18545742
-0.5141384
-0.58246756
-0.36855564
0.81043315
1.0931603
-0.14797522
-0.77545047
-0.4571975
-0.13979238
0.590489
0.038616948
0.39630082
-0.13328652
-0.5783714
0.6982777
0.6704263
0.46110436
-0.34230348
0.58040786
0.42343086
-0.105019145
0.9238575
-0.7342835
-0.96710163
0.63516974
0.80171096
0.9693481
-0.925057
-1.0800247
0.8925214
-0.7224193
0.17688869
-0.3881435
0.022052264
0.13089205
0.51356244
-0.29053834
-0.8035691
0.92434305
-0.68320185
-0.6332457
0.49272573
-0.9018246
0.076627456
-0.28922433
-0.15091863
-0.5362533
0.4168071
-0.7986789
-0.3139571
-0.3198689
-0.49642095
-0.045495793
0.8337569
-0.78946894
-0.75042313
0.1607262
0.6599975
-0.2891365
0.34759697
0.15165961
1.1525731
-0.055524483
-0.5098828
0.90439886
0.28198442
-0.08054063
-0.047219753
-0.7622299
0.08427368
0.45884067
-0.23795657
-0.012833473
-0.6499098
0.13145408
0.06398786
0.79497874
0.12405601
-0.8178856
-0.688546
0.6325104
0.096051484
-0.1588073
0.66747576
-0.6380751
-0.8124111
-0.6469277
0.1120969
-0.63406366
-0.23404455
-0.568092
0.7261597
0.22017415
-0.5141909
0.72820675
-0.54520845
0.8937281
0.58554983
-0.7145333
-0.5303885
-0.21822232
0.88432115
-0.034044906
-0.2767771
0.38537148
0.19101572
0.26433304
0.3955833
0.24247862
-0.7977922
0.504451
-0.5838234
0.8444666
0.4162003
0.9308556
-0.31480208
0.38288996
-0.22968693
-0.39709866
1.3366612
-0.12324156
0.16981752
0.08582463
-0.08811713
-0.49919534
-0.11522218
0.23905823
0.46977785
-0.5863949
-0.4422831
0.20228809
0.21035638
0.26395682
0.5591174
-0.92227006
0.35669532
-0.096300945
0.3881033
-0.13546357
-0.4966814
0.022369947
-0.46038613
0.07544707
-0.3153709
0.056148794
-0.36591497
-0.31370908
-0.7453488
0.6825748
0.2747768
0.6377439
0.37296313
0.49990305
0.21480556
-0.9233867
0.6673949
0.46136686
-0.30311388
-0.5542945
0.18969864
0.6766945
-0.07717913
-0.34102544
-0.2656589
-0.18883792
0.18923844
-0.14802663
-0.80083543
0.6290668
0.53167766
-0.019738646
0.23423286
-0.23190111
1.0156955
0.27240056
0.19995752
0.23429316
-1.0666156
0.44377685
-0.020839514
0.22439595
-0.3366858
-0.20962052
-0.08229259
-0.2512528
-0.08601431
0.15259151
-0.6481899
0.1888965
-0.488733
-0.22735137
0.7604616
-0.2478884
0.508882
-0.0022071137
-0.19873601
-0.35604784
0.042317014
0.47750503
-0.66818106
0.61977947
-0.5668617
0.5256397
-0.24575782
-0.12859686
0.5887448
0.6930445
-0.7787199
0.057239145
-0.0020234443
-0.22484727
0.020661645
-0.342113
-0.3723506
0.058564894
-0.4049175
-0.11284079
-0.1636726
0.631681
-0.54938424
0.29460365
0.47944623
-0.8254913
0.83597827
-0.7178135
0.44772902
-0.60764134
0.4486222
0.8012787
0.0596044
0.406047
1.0983739
-0.5531566
-0.7221643
-0.5021932
-0.1435435
0.06480631
-0.7334178
0.36297426
0.55416536
-0.30175108
0.55299383
-0.15733774
-0.529575
-0.81561536
0.4002102
0.21624064
0.59953547
0.5096316
0.52637804
0.36769846
0.6921912
-0.1896118
0.05029143
-0.055196024
-0.114574976
0.24400325
0.105200924
0.56203514
-0.1287399
0.49962518
0.2561892
-0.25574982
0.76663655
0.3196882
-0.23146468
0.60209584
-0.23965906
-0.30283073
-0.5755214
0.540442
0.022596259
-0.060986396
0.33152542
-0.45980456
0.37419668
-0.30508953
0.4953695
0.47773752
-0.27480182
0.33116463
0.4495292
0.3016709
-0.19995469
-0.8785958
0.45050788
0.51822156
0.16801219
-0.1181724
-0.7802625
0.58670104
-0.7064496
0.6788351
-0.66298324
-0.7596216
-0.835728
0.50547266
0.6968469
-0.30549666
0.9704748
-0.41944095
-0.008852282
-0.29820213
-0.3634693
-0.65884805
0.50914305
0.27792785
0.33250177
-0.31557068
0.6277851
-0.80215025
-0.5398946
-0.6518554
0.0898539
0.3712227
0.51100683
-0.11956146
-0.8671603
0.19397277
-0.03825309
-0.6654119
0.14045112
-0.31098998
-0.14843191
0.09663219
-0.0698311
-0.6613902
-0.12836407
0.36976007
0.49141806
0.52891046
0.0062221363
-0.7181365
0.8279531
-0.26901913
0.37797922
0.5261759
0.49616033
-0.17580178
-0.28104043
-0.61271966
0.08940642
-0.42677814
0.23208283
-0.24487211
0.56852627
-0.065396085
0.085730016
1.0102836
0.05983018
-0.5316235
0.12182062
0.2629974
-0.44202995
0.45076993
0.56251943
0.3945758
0.8455096
0.05434133
0.9416967
-0.6493609
0.20741859
-0.36377308
-0.01882669
0.017139543
0.36485627
-0.66207427
0.7980821
0.53446645
-0.41587132
0.52402747
0.2684452
-0.9015748
-0.14640829
0.5238693
0.10323013
-0.88681483
0.7531524
-0.58537453
-0.68026316
0.56407034
-0.13930714
0.25465554
0.87808734
-0.30916223
-0.17819224
-0.5096531
0.49415022
1.0946534
-0.27054983
-0.7765197
-0.52925575
0.51994056
-0.9183696
-0.5772499
0.57202226
-0.33449528
0.23646592
-0.53998494
-0.27098665
0.32001796
-0.54714227
-0.5120368
0.27498704
-0.13813479
-0.35260695
-0.04982695
0.8432822
0.26359835
-0.9629949
-0.048945483
0.09704609
0.57010776
-0.42255628
-0.72247374
0.63798547
0.2575858
-0.68888485
-0.6644108
0.8525345
0.5322936
-0.3149521
-7.904557E-4
0.5751357
-0.7886222
0.42240605
0.67889935
0.1264363
-0.504756
0.5071134
0.34634367
-0.37864226
0.2175432
0.7285255
-0.6069519
-0.8042021
0.4040917
0.039851394
-0.70904666
0.27785012
-0.07502369
0.65934694
-0.019332513
0.78202903
-0.24703385
-0.13328159
-0.7375284
-0.54928267
0.005129913
-0.5383229
0.20217754
-0.76388496
0.5008124
-0.04571452
-0.3566072
0.15034913
0.6528205
0.32072154
0.18732038
0.5652932
-0.17649917
0.44101366
0.9197215
-0.6915464
-0.04151089
0.77805907
0.4764034
0.89564085
0.59784645
0.61179733
0.19944486
0.69393134
-0.07800592
-0.995865
0.04919694
-0.6308162
0.049843494
-0.51914513
0.2852644
-0.5369901
-0.56782687
0.6999474
-0.65768224
0.717775
-0.5595521
-0.35851985
-0.6958524
0.15350337
-0.7488621
0.6852725
-0.19973324
0.2801607
0.67556965
-0.54585993
-0.6096544
-0.34721702
-0.7160113
-0.70616245
-0.5197953
0.82069623
0.027126662
-0.6745282
0.17790854
0.34702072
-0.59408426
0.16402335
0.05616895
-0.09469096
-0.5203131
0.51869607
-0.32861298
-0.24000143
0.11687934
-0.28274825
0.078131594
0.76583624
-0.076575294
-0.65831375
-0.6223998
0.35406765
-0.3171023
-0.5682106
0.25326687
-0.67595947
1.0332025
-0.9773394
-0.36670464
-0.3907482
0.4570275
-0.7218379
-0.46171162
-0.40830204
-0.6421695
-0.45402792
-0.33585817
-0.42961153
0.19862884
0.2580428
-0.83604836
-0.2210517
0.5021503
-0.02747626
-0.67471653
0.4850679
0.33816972
0.8398218
-0.856305
-0.03175851
0.46009752
-0.26655754
0.21169066
0.08115188
-0.32468772
-0.66743183
-0.5308044
0.5535663
-0.3128537
-0.59198195
0.36952353
0.3698365
0.8046446
0.10026255
0.73196715
0.2000207
0.69857204
0.0399411
0.37266186
-0.33541146
-0.56692225
0.3267068
0.89212006
-0.104677565
-0.4537801
0.80572665
0.4695001
-0.28721172
-0.6615048
0.78067756
0.49980074
0.7214903
-0.7059576
-0.6118595
0.6997151
0.09960791
0.46718615
-0.14373517
0.83169854
-0.5536345
-0.66870755
0.5609026
-0.34245324
-0.8665638
0.72753984
0.7613261
-0.5855642
0.34282357
0.5518222
0.2779841
0.19334584
0.7478301
-0.16050836
-0.28491166
0.49693355
-0.54182297
0.15807202
-0.5776807
0.8369513
-0.87189746
0.47002965
-0.59483296
0.44894746
0.57999045
0.2303718
-0.033453114
-0.51677334
0.8395386
0.060367998
0.033119917
0.40395132
-0.53868484
-0.3180424
-0.19330129
-0.32446122
0.035269473
-0.46841648
0.7214766
-1.0050707
-0.1121884
-0.29232377
-0.5211158
-0.34924382
0.56072277
-0.5731485
0.06884314
0.66543627
-0.5905456
-0.45123327
0.34473786
-0.5037275
0.80396205
-0.6758952
0.44950134
-0.2595865
-0.01927835
-0.21293852
-0.16962601
0.1851727
0.10135909
0.31997085
-0.88797426
-0.7787567
-0.62958807
0.44298747
0.5512629
0.6092809
0.054136448
-0.6087642
0.49828205
-0.6798305
1.0181118
-0.05357483
-0.69275594
-0.58289546
0.31996155
-0.23646043
0.2226392
0.48988637
-0.20668684
-0.4453383
0.5917275
-0.33948302
-0.58903056
-0.5239555
0.35762277
0.3261399
-0.5980743
-0.71981454
0.7965792
-0.6652515
0.017204719
0.30636284
-0.19446975
0.23297013
-0.5088704
0.34150872
0.53095883
-0.104633115
0.47289503
-0.6298806
0.6272952
0.797127
-0.8114378
-0.48807082
0.7397541
0.30785063
0.36022326
-0.508895
0.44962066
0.6784075
-0.12881655
0.40375945
-0.9510473
0.032036785
-0.25329193
-0.34236035
-0.13860045
0.09145156
0.47486296
0.1623262
0.59304124
0.21538863
-0.0040305876
0.35324946
0.537657
0.27600193
-0.727904
-0.060467727
0.30011737
0.4772371
0.6371492
-0.2837528
-0.8673585
-0.22102048
-0.19866635
-0.35335976
-0.3826566
0.8103393
-0.09831783
-0.5504552
-0.1010352
0.42459598
-0.042156003
-0.9202242
0.20502378
0.85877144
0.3807793
0.5224991
0.6007299
0.06992894
-0.42045915
0.0076824683
0.9555799
-0.6177895
0.91891104
0.45179108
0.4402696
0.16388813
0.09874104
0.21148485
-0.7328154
-0.62446874
0.7250247
1.0675209
-0.4565545
0.07255594
-0.41328835
0.08669739
-0.5151583
-0.3123701
0.4415885
-0.51312375
0.286135
-0.46157557
0.31378412
-0.16054243
0.56295484
0.840074
-0.7483119
-0.22944172
0.23733176
-0.12636355
-0.3674818
-0.59076107
0.29307383
0.32356745
-0.30175322
-0.049910724
0.5323445
0.7239705
-0.008330766
0.6110287
0.21854693
-0.30974856
0.56163234
-0.5276937
0.011491328
0.20328018
0.035685226
-0.25762683
0.49641794
0.28722087
-0.36073104
-0.09698673
-0.5902998
-0.7615602
0.3627296
0.8534384
-0.87430096
-1.068814
0.68778706
-1.0654392
0.2590545
-0.5894943
-0.6070662
0.38988447
-0.5257552
-0.47118658
-0.10377258
-0.08694106
-0.3668081
-0.6070415
0.77684945
-0.33693278
0.9687685
-0.031968337
-0.4809344
-0.46932068
-0.6411767
0.52306783
-0.34811208
0.24458462
-0.272179
-0.9420028
-0.54519844
0.6438699
-0.035591792
0.22145459
0.66526145
-0.09602169
-0.7476559
-0.56137806
1.0220073
7.9740654E-4
0.63522106
0.6239375
-0.6093895
0.67662525
0.08487942
-0.2473213
-0.82815766
0.03666196
-0.531527
-0.36892843
-0.59137034
-0.31341988
-0.6808614
-0.7647893
-0.0641189
0.6892578
0.1675823
0.39158764
-0.043935426
0.3076633
0.4361159
-0.37690222
0.07485209
-0.48966515
0.5618327
0.4982365
-0.27219567
5.4833083E-4
0.665229
-0.037193194
0.15349153
0.54416054
0.06207968
-0.17355174
-0.20008461
-0.38851225
0.35943285
0.8199816
-0.4204075
-0.5428925
0.1007729
-0.6026177
-0.3866042
0.525705
-0.11034229
0.23904353
0.3564069
-0.5353742
0.81316
0.20978767
0.0173072
-0.5482604
0.6649451
0.65340936
0.60790753
-0.5242757
-0.10225391
0.22201492
0.18205798
0.014712343
-0.52921623
0.5524644
-0.5160316
-0.28780606
0.08135274
-0.57472664
-0.01197162
0.9755834
-0.7818111
-0.66155195
0.8223812
-0.0035631245
0.00470282
0.32729605
-0.3892055
0.54146546
0.5102187
0.0840202
0.17141645
-0.8523253
0.458487
-0.8685816
-0.32205307
0.48653364
0.13765615
-0.124248765
0.34952646
-0.4334576
-0.012630295
-0.31567988
