0.024900775
0.10116453
0.14390226
-0.33312434
0.32476503
0.5825917
-0.15185401
-0.73279816
0.82816654
-0.6103178
-0.03348497
0.432309
0.21830572
-0.07668403
0.39986703
0.2995379
-0.23761156
-0.35270867
-0.7476982
0.28371716
0.017588705
0.5019905
0.36207557
0.3778554
0.3364509
-0.08371335
-0.16250163
0.393425
-0.94662654
0.42382884
-0.7966298
0.17331485
0.68089217
-0.72384
0.3589534
-0.5928214
0.74894524
-0.94842815
-0.6403703
0.32378742
0.17391005
-0.13949333
0.25402603
-0.8354699
0.50249773
-0.2623757
-0.9762305
0.57444125
-0.36153382
-0.21731022
-0.3701509
-0.7945682
0.7640673
-0.36976585
0.8374824
-0.6592543
-0.29411182
0.06636672
0.4405117
-0.3104322
-0.43706048
0.41716668
-0.16082773
0.0021378715
0.93261003
-0.71903443
-0.23944114
-0.37897035
0.32772443
0.050274607
-0.69109017
-0.10791399
0.48413116
0.36971346
-0.40702552
-0.5786842
-0.11965016
-0.4197605
-0.3449212
-0.22857225
0.45783547
0.23282853
0.9698268
-0.58699536
0.7036366
-0.7217178
0.6469405
-0.4763649
0.1134545
-0.88190436
0.8637443
-1.0464958
-0.89811534
-0.121723875
0.14333269
-0.04702189
0.6322987
0.47267774
-0.4567844
0.77964
-0.4305666
0.6693426
-0.17932127
0.090335846
-0.57868963
0.5111319
0.38600355
0.53934246
0.25648522
0.35314825
0.4526834
0.9558581
-0.5290379
0.029408019
-0.51971436
0.5803346
-0.031969506
1.0700034
-0.087508745
-0.24643436
0.55008435
-0.7821193
-0.71504796
-0.23560658
-0.0023095426
-0.320633
0.15062198
0.07459368
-0.39018032
-0.44859397
-0.368488
0.60546786
-0.41208744
0.4800713
0.31953263
0.3873489
0.26029575
-0.2719765
-0.61168265
-0.5111401
0.731752
0.64269805
-0.045642037
-0.5732025
-0.39012286
0.34275478
-0.48066154
-0.5115089
0.24191204
-0.5407387
-0.6879291
-0.04430408
0.814878
-0.33387288
0.7266146
0.77468675
0.004891483
0.22518168
-1.0243819
0.24059825
0.52644426
0.03272057
0.021091893
0.090615466
0.7933131
0.15781409
0.2369438
0.78993684
-0.6394708
-0.42303824
4.0441612E-4
-0.47396994
-0.6194155
0.5940465
0.16082594
-0.5349606
-0.26502848
0.2561839
-0.7684242
0.55228394
-0.9769998
-0.4076013
-0.108602904
-0.13001381
0.5770312
-0.0771528
0.8285761
0.7278244
0.5790063
0.46497783
0.03818061
-0.3642155
-0.10601123
0.6608333
-0.4987103
-0.17591207
0.8226875
-0.035771903
0.11627817
-0.2288384
0.19796067
-0.51859915
0.43487284
0.4180433
0.10778874
0.145723
0.3621279
0.28736264
-0.077368125
-0.64792126
0.109743536
-0.6894942
0.6563864
-0.24179418
-0.29535767
0.42153004
-0.6551331
-0.4407254
-0.6079731
0.588394
0.7461426
0.3274346
0.28601292
-0.5309399
0.037549566
-0.7911555
-0.8799637
0.7511799
-0.68465185
-0.35328248
0.60040146
0.6319958
-0.8200541
0.60862505
-0.2736549
-0.37901902
0.22085232
-1.2202256
0.20236906
-0.37458813
0.33330223
0.85339785
-0.07776617
0.062874414
0.12938285
0.3867914
-0.039063755
-0.519166
-0.3961896
0.041519742
-0.7277366
-0.7332688
0.34980813
0.3560212
0.39655915
-0.37215066
0.6921223
-0.7080701
-0.11767465
-0.48236513
-0.35286388
-0.31404737
-0.12989445
0.6796712
-0.8400709
0.22955984
-0.45263472
-0.5010572
-0.24847414
0.6966097
0.04798806
0.30515236
-0.07017482
0.87614757
0.074504584
0.50180274
-0.3181257
-0.39973825
0.42602736
0.85368043
0.49741712
-0.57425916
-0.05123888
0.5607012
-0.57093513
-0.027601864
0.4774634
-0.5431433
0.36415017
-0.09388789
-0.08965428
-0.1371726
0.9014183
-0.5435083
-0.8581983
-0.8185058
-0.1801126
0.6816245
-0.69002557
0.7048333
0.7256222
0.3481011
0.7468699
-0.7796294
-0.18751247
0.73392725
0.11638169
-0.7527082
0.76973903
0.2098946
0.69877887
-0.39990845
0.42851868
0.62197727
-0.53446805
0.19833842
0.79376966
0.011250217
-0.16077773
-0.07898136
-0.7925006
0.6177609
0.34753966
-0.15167291
-0.43035343
-0.34007287
-1.0022671
0.3539171
0.583922
-0.0018959214
0.13021697
0.35974827
-0.6491032
-0.3841869
-0.28653675
1.0129604
-0.90719366
0.43643683
0.018414734
-0.03654155
0.57292044
-0.757174
0.18650663
0.23613283
-0.43777344
-0.16541581
-0.2954545
-0.5918242
0.22856194
0.55933654
-0.41266838
-0.15447411
0.22317438
0.7856895
0.16817
-0.5816851
-0.6575029
0.26913905
1.0313766
0.20184183
-0.73853785
-0.4426277
0.02083237
-0.035760794
0.81893057
-0.3790906
0.28101864
0.7330612
-0.15118359
0.04940851
0.67606914
-0.24551469
-0.5413188
-0.8214512
0.4700967
-0.35808566
0.549435
-0.32308307
-0.5910124
-0.28337827
-0.37856162
-0.6873975
-0.7432311
0.08420649
0.73032886
0.8928302
0.3102932
0.2680765
0.19040707
-0.6652982
0.25477403
-0.41019404
-0.1670756
-0.09317863
0.46150354
0.5308178
-0.64111567
0.49387103
-0.22712892
-0.5201793
1.0925571
-0.9358766
0.814403
0.5368469
-0.8403792
-0.13584127
-0.13625193
0.8990266
0.893819
-0.29874256
0.400923
-0.03716571
-1.0121233
-0.13536626
0.5833966
-0.3194257
-0.90148264
-0.43903625
0.56552994
0.49501622
-0.046294164
-0.7766119
0.81725883
0.63300174
0.5972587
0.08681689
-0.7564611
0.19543983
0.19483775
-0.5247274
-0.5841391
-0.093755364
-0.9477869
0.4854857
0.21198927
0.35938066
0.94213533
-0.5872098
0.42129356
-0.60286236
-0.49405384
0.21253793
0.88937396
0.26284418
0.12456094
-0.34649944
0.8186172
0.2981368
0.23741837
-0.96597457
-0.51012456
0.75664854
-1.0163543
0.013981759
0.25937968
0.18694122
-0.25026983
-0.2268632
-0.3108821
-0.09445668
0.15691495
-0.6305068
0.37054786
0.0050080903
-0.78587127
-0.5995404
0.56664866
-0.79251015
-0.12135178
-0.55541396
0.772615
-0.5867895
-0.6056814
0.6942649
0.34234092
-0.03240996
-0.12357471
0.5952446
-0.17042865
0.1802854
0.44051257
0.25456327
-0.6797354
-0.38377762
-0.17858161
0.08362345
-0.41163912
0.29923216
-0.93076587
0.25500008
0.8312474
-0.6192885
-0.14121807
-0.503045
0.5966444
0.4785198
-0.6744738
-0.42389584
-0.62177706
-0.27188864
0.72577304
-0.64306724
0.85609144
-0.8932141
0.2201675
0.31784493
-0.115283415
-0.18634064
-0.48793963
0.16720708
0.065085046
0.22643813
-0.6502117
0.5292172
0.04586081
0.25366038
0.27275372
0.45144534
0.25096506
0.5280831
0.099522434
0.24348956
0.6769649
-0.011171088
-0.7228007
0.053073708
-0.33843276
0.74870217
0.36073574
-0.07180054
0.59541506
-0.86396563
0.7255247
0.74065787
0.25904214
0.6455078
-0.7579256
0.7335481
0.17039536
-0.69265944
0.11944689
-0.27178833
-0.7102593
-0.54024994
-0.04642142
0.06853065
0.48341888
0.5995748
0.28930563
0.3656875
0.2621255
0.07006089
-0.34803396
-0.45334288
0.2028565
0.07329174
0.19975993
0.653798
0.19670665
0.0876972
0.58640397
0.7998944
-0.43713373
0.12186994
0.25319
-0.7700707
-0.13662344
0.52427214
-0.37280697
-0.29037267
-0.76009154
0.5027589
-0.40874973
1.0451986
0.23814152
-0.90392065
-1.0052154
0.24109128
0.15053868
-0.08843754
0.7074331
0.5053458
0.09729336
-0.6397869
-0.21869002
0.13673587
-0.8606224
0.61891013
0.013267963
-0.22263534
-0.5063747
0.8501346
-0.61729467
-0.34528303
0.26429245
0.63564456
-0.76028293
0.015416942
-0.38254365
-0.07123305
-0.29504612
-0.04830038
-0.55118734
-0.65760005
0.44378698
-0.10525542
0.3728635
0.24776447
0.35244432
-0.69984245
-0.53633535
0.6366196
-0.051929887
-0.42564368
-0.040856183
-0.5243096
0.82407576
0.17071758
0.10204255
-0.25312102
0.009555922
-0.38733214
-0.21040122
-0.9489917
0.3992215
0.41978973
-0.050750777
-0.8183122
-0.70784956
1.0519089
-0.64998484
-0.55859137
0.8521297
0.42448932
-0.9544596
0.53498244
0.73462373
0.20258805
-0.47928002
-0.8510408
0.19903927
0.03604132
-0.6356583
0.51706004
-0.4345129
-0.10874597
0.78344
-0.74977547
-0.75510573
0.8706232
0.1460257
0.34697768
-0.5111615
0.6517739
0.5167082
-0.0042079794
0.7975613
-0.5041559
-0.244921
-0.041347366
0.60133237
0.03818874
-0.13881662
-0.08744784
-0.1852094
-0.43219393
0.4839636
0.8244128
-0.65041965
0.17097703
-0.7406824
-0.53523916
0.5785118
-0.7927857
0.12805425
0.28421167
0.2524375
0.23520975
0.33760417
-0.6977371
0.26011863
-0.21577127
-0.6704084
-0.08562168
0.6233511
-0.6972226
0.24561176
-0.38165334
0.60575277
0.33842224
-0.4005638
0.09777889
0.9433778
-0.7700823
0.56736255
0.57222456
-0.412112
0.7944354
-0.3575672
0.54598546
-0.52116317
-0.66877145
1.0693458
0.15704219
-0.56071246
0.3332895
-0.23290424
-0.8214411
-0.43027323
-0.1431216
-0.5711352
-0.3867613
0.74461406
-0.7840559
-0.30947164
0.067184806
0.21021949
-1.3526611
0.7027512
-0.7022089
-0.10418272
-0.13316722
0.13668205
0.007086025
0.11953036
-0.79659456
-0.10976147
0.166632
0.814982
-0.5264887
0.36417356
0.29152894
0.43925095
0.30900377
-0.24759607
-0.42011616
-0.73462826
0.081611514
0.37398183
-0.48845258
0.752035
-0.12691142
-0.64213425
0.9206027
-0.305858
-0.30459103
0.071116306
0.029680815
0.9597484
-0.647625
0.6007598
0.51569366
-0.5369445
0.2452122
-0.5570758
0.6369803
-0.9157995
0.4914096
0.5192457
-0.22462831
-0.51557994
-0.16005531
-0.71626806
0.19451399
-0.48211002
-0.2983019
0.05552272
-0.13776799
0.8697888
-0.8812393
0.86304253
0.73533684
0.74055594
-0.90513253
-0.29301322
0.9719058
0.5914538
-0.49257565
0.075330414
0.5454783
0.18588674
0.19522032
0.28148583
-0.6093623
-0.8444617
-0.47864598
-0.024647316
0.68865246
-0.46803254
0.96744716
0.34983563
-0.7280535
-0.68690485
-0.18613224
0.72209215
-0.91708547
0.6549739
-0.24709356
0.22858252
0.36106226
0.47111106
-0.86998594
0.5037944
-0.55818933
-0.053090785
-0.5107745
0.26822752
-0.35146946
0.8118608
-0.1004911
-0.17562209
-0.16351745
0.5365539
-0.36727083
-0.72497857
-0.012061278
-0.41951296
-0.06770358
-0.24277598
-0.4039654
1.0044464
-0.3813444
-0.4612968
0.059017155
-0.5538842
0.13868542
-0.33976567
0.39420408
0.004233734
0.22598109
-0.41072604
0.87950104
-0.14365791
-0.2718613
-0.2557484
0.42840275
0.0023831644
0.12274028
0.3273392
0.6827779
-0.38047066
-0.5461643
0.5210824
-0.5551616
0.2699318
-0.3908098
-0.4685823
0.6578591
0.8457137
-0.20894094
0.6475045
-0.5410598
-0.49093178
0.04907011
0.06939863
-0.19758825
0.95522
0.666575
-0.61947286
-0.019192522
0.46154898
-0.6090017
0.6263127
-0.17880166
-4.5564564E-4
-0.21485628
0.1742056
0.016577223
-0.8632997
0.28917637
0.40342528
-0.071196534
0.08794417
0.5056386
-0.12204717
0.5107766
0.30937767
0.9885109
-0.033966187
1.1217176
-0.38139698
-0.33395833
0.015005117
-0.10716
-0.06566321
-0.24591212
0.30204195
0.3725798
-0.10514051
0.3956284
0.6018085
-0.057123724
0.8941742
-0.25065586
-0.31335324
0.13938114
-0.08225428
0.2827988
-0.63938105
-0.90637463
0.5811727
-0.36437044
-0.087036334
0.2449067
0.60243255
0.28474054
-0.35363573
0.7034596
-0.13719045
-0.8340873
-0.8066661
-0.48790607
0.6205825
0.56038594
0.3819141
-0.36179703
0.9792271
0.17479129
0.24409717
0.313941
-0.79130286
-0.51831084
-0.22835286
0.78319323
0.40992907
-0.07169887
-0.90829974
0.27688384
-0.50968224
-0.44747967
-0.12774782
0.21694805
-0.337935
0.48189947
-0.06878139
-0.5569292
0.59031403
-0.35410488
0.5398036
-0.34463248
-0.2381111
-0.2559086
0.13347898
0.26284167
0.24657054
-0.14050442
-0.02923666
0.067742944
-0.08883097
0.5351596
-0.5304329
0.3617326
0.0068054334
0.5433199
-0.5440673
0.043258995
0.37623858
-0.7418833
0.26854342
-0.053330682
0.41108766
0.4618876
-0.31023812
0.5109535
0.048696894
0.28807658
-0.57289577
0.5313842
-0.81481475
0.8988321
-0.56292236
-0.83278626
0.74199736
-0.0078999
0.17352735
0.84852695
-0.48811352
-0.46189085
0.5240858
-0.29873258
-0.19195065
-0.65459746
0.32670814
-0.7062288
0.74164534
-0.4750355
0.40187356
0.22714168
0.9678031
-0.732264
-0.7445072
0.5621773
-0.68607086
0.14081644
0.45865127
-0.14160073
0.6020855
-0.7161806
-0.2738447
0.37008235
-0.4181551
0.19437161
-0.72522837
0.9310188
-0.2655974
-0.7701812
-0.43168625
-0.59866023
-0.3121854
-0.033998452
0.7100496
-0.5999042
-0.3510901
-0.30624762
0.67821366
-0.3477774
0.7513947
-0.18178044
0.5435276
0.04687362
0.28896642
-0.8121613
0.71154153
0.52995366
-0.9501634
-0.27772212
0.38358963
-0.027690072
-0.78911954
0.47722194
0.57466096
-0.8079714
0.22328115
-0.23322745
0.17349373
-0.45666578
0.3327132
0.07112417
0.03373056
-0.6854945
-0.7012561
0.49306488
0.54242986
-0.1827748
-0.47702008
-0.0332336
0.5113016
0.4747513
-0.45163924
-0.26175848
-0.15364803
-0.9096772
0.13069293
0.033794478
-0.6809686
0.14784192
-1.1019979
0.027418824
-0.4753689
0.6762589
-0.89160275
0.74505657
0.14031728
0.10965289
-0.13253339
0.6797457
-0.01839377
0.15271012
-0.93591243
0.5845242
-0.16950588
0.37790376
0.63222075
-0.55977064
-0.03870035
0.416976
-0.06513975
-0.5608401
-0.24121594
-0.66015655
0.79501027
-0.48031697
-0.48775172
0.48184356
0.2670681
0.24374035
-0.80265987
-0.23508565
0.4015479
0.23423958
0.08894183
-0.2353701
0.0075071934
0.43325487
0.19289188
0.28815845
-0.48422587
-0.77635354
0.2575755
0.7124228
-0.0068505937
-0.5360364
-0.017272396
0.720352
-0.8677131
0.17858154
0.011068454
-0.51280016
0.18522273
0.5616948
0.75414556
-0.17850481
-0.5271436
-0.28771648
0.8840686
0.3959739
-0.057402007
0.40088066
0.2876577
-0.85996336
-0.30156422
-0.35990545
-0.60985
0.024693176
0.035137303
0.31931043
-0.47986788
0.4699497
-0.4045776
0.12108618
0.07199428
0.8174079
-0.17657532
0.6797638
-0.61362386
-0.54289955
0.31214547
0.037842263
-0.3452251
-0.67482644
0.038594194
0.9067912
-0.4381194
-0.54011977
6.582679E-4
-0.0022945437
-0.6299002
-0.72113514
0.5276189
-0.85267806
0.6126136
-0.47138318
-0.2823313
0.34969667
0.8218363
0.11214877
-0.8036307
0.70491153
-0.9267155
-0.26960516
-0.463035
0.8086957
0.32420874
-0.8402586
-0.82361996
0.8648753
-0.6995008
0.69591427
-0.45542184
0.18440664
0.21379179
-0.079220586
-0.32363266
-0.14579907
-0.77399886
0.4000209
0.7986145
0.28414345
0.8488378
-0.5463937
0.15248235
-0.4265006
0.82594025
-0.7269635
0.043956712
0.47635654
0.22215953
0.39705747
-0.78616977
-0.27100924
-0.83369356
0.59597474
-0.08742612
0.54080665
-0.39554858
0.1614183
0.24218713
-0.24829683
0.48708126
0.71116936
-0.41977012
0.4021776
-0.4429581
0.5537209
0.09210962
0.058822345
0.36192906
-0.029205982
-0.652278
0.13386333
0.36230487
-0.13533941
0.102715254
0.68352973
-0.26437414
-0.6462765
0.5116791
-0.48863566
-0.69946253
0.4872558
-0.27431294
-0.15494536
0.34952492
0.13658048
-0.41550705
0.563417
-0.49242753
0.6732206
-0.11451135
-0.42801124
0.4665033
0.64082336
-0.39665905
0.048582233
-0.078370765
0.5041083
0.3575883
1.0427226
0.08217601
-0.5320273
-0.10508839
0.1821009
-0.32614684
0.52736646
-0.53427947
-0.23694654
-0.653791
-0.37116486
0.20811191
0.59504634
-0.82266206
0.2577251
0.58229893
0.7545098
0.21652281
-0.20626771
-0.12114252
0.25986883
-0.67018735
0.07022032
-1.0247706
-0.008923468
0.35056835
-1.0247916
0.7159044
-0.7321081
0.17317171
-0.39352632
0.9014763
-0.843351
0.3090289
0.08738756
0.3778741
0.52737904
-0.4674423
0.061309583
0.13879107
0.14397486
-0.07483436
-0.53003323
0.20347688
0.80106616
-0.5203659
-0.1888728
0.22468986
0.47379774
0.5066875
-0.8560573
0.36597845
0.3963714
-0.061878096
-0.38799018
0.32210115
-0.37110102
0.6053909
-0.54382885
0.54345506
0.18759097
-0.11971805
-0.14759818
-0.23883472
-0.40334594
-0.65227914
0.27691993
-0.022949716
0.90706813
-0.6374034
-0.2904705
0.4644687
0.17711657
0.29407182
0.8995176
0.6714483
-0.8520298
-0.4724706
0.17243336
-0.19994882
0.22826546
0.4383571
0.6186356
0.9719817
-0.40656093
0.6438844
0.45230427
0.82524496
0.71190083
-0.6289362
-0.70857835
-0.4840676
0.3871138
0.2297364
0.5491294
0.16872491
-0.822884
-0.05806174
0.5149857
0.7529471
-0.13847426
-0.67310405
0.39822194
-0.7887237
0.7915496
0.9358604
-0.52640426
0.022348568
-0.6626261
-0.49252632
0.023902336
0.7757068
-0.18289803
-0.34628117
0.3674882
0.23868284
-0.28378087
0.5781563
-0.023785967
0.12376838
-0.09466673
-0.119696766
0.23072048
-0.1472887
-0.3999837
-0.3190951
0.9341708
-0.8396379
0.28175682
-0.039875366
0.06401432
0.89538044
0.3620956
1.0122669
-0.553089
0.20014054
-0.54491746
0.12731975
-0.06640364
0.09129639
0.01264889
-0.55977905
-0.28601524
0.93560773
-0.06804577
0.43034884
-0.4289021
-0.16125768
0.03691415
-0.5139934
-0.723442
-0.4358928
-0.4148528
-0.5550755
0.2699018
0.46300137
0.589731
0.6263493
0.004068178
-0.5958591
-0.10587271
0.7901717
-0.87064725
-0.4876102
0.53895074
0.29138806
-0.14511277
-0.7131343
0.39630523
0.069346055
-0.2813749
-0.29080546
-0.22122175
0.5992696
-0.19515696
0.48383656
-0.6676342
5.4103276E-4
-0.33115694
0.33988392
0.33355
0.23989168
-0.13569286
0.07573204
0.26612774
-0.18600874
-0.3552652
-0.16640759
0.13184947
0.33527765
0.012807954
0.20943451
0.7351436
0.1816338
-0.0015105009
-0.7584047
0.8261283
-0.25964925
0.17741178
0.3289322
-0.011052652
0.35179606
0.43768576
-0.6881915
0.44781536
0.46463868
0.13196559
-0.35475665
-0.8304261
0.65024245
-0.5135634
0.08775735
0.1287592
-0.13080879
0.10420167
-0.539452
-0.15992911
0.72791415
-0.24755636
-0.43402663
-0.6570698
0.5733304
0.2649767
-0.32022598
0.12131971
0.0968541
-0.10447682
0.7549162
-0.8581546
-0.19834536
0.6910658
-1.0153401
0.700331
0.3490224
0.26420984
-0.079816274
0.7689109
-0.5594251
-0.9506429
0.75605077
0.63667303
0.42799073
-0.9995427
0.11865274
-0.19299714
0.027584715
-0.81497973
-0.515125
0.8328591
-0.32783931
0.62332857
-0.4939824
0.5418304
-0.9223268
-0.094545715
-0.2908066
-0.09099369
0.6275282
-0.4626476
-0.693904
0.5083397
0.22930281
-0.0038134786
0.49269447
-0.6672062
-0.9887911
0.29266948
-0.30830276
0.77956975
0.23172078
0.5073471
-0.47265774
0.47556695
-0.03865873
0.19822504
0.52044994
0.40439287
0.07284132
-0.29093134
-0.18773533
0.70848924
-0.3337134
0.117837705
0.9045127
0.6830366
0.1451457
0.8464685
-0.58562016
-0.38423726
-0.7088316
-0.19842377
-0.6488119
0.6413574
0.71531343
-0.14019929
-0.4599415
0.35694167
-0.41467905
0.19451372
-0.72611827
0.7653476
-0.002828363
-0.62222916
-0.7329398
0.14784777
-0.83582574
0.8696009
-0.5173778
-0.02884146
-0.02691422
0.7217205
0.27244923
-0.48476714
0.039588105
-0.25263774
-0.34549665
0.7807382
-0.78653294
-0.44313994
-0.49418584
0.48882645
0.041627653
0.43118376
0.4699155
-0.50880426
-0.64040697
-0.1427828
0.19079457
0.18737811
0.16092576
-0.8594545
0.36089972
-0.5738069
-1.0801862
-0.1490004
0.048804156
0.65394413
0.015819194
0.15798818
0.46257338
-0.5011804
-0.58800524
0.20495337
0.077212945
-0.40460378
-0.6037252
0.6415819
0.20387566
-0.4046006
-0.6138211
-0.48586157
-0.26048535
0.6169813
0.22923529
-0.026306879
0.087838076
-0.20934127
-0.6003252
-0.48464033
0.045637365
0.5249169
0.56132144
0.050891336
0.14946136
-0.15107296
0.6894651
0.20330659
0.8626027
0.52807844
0.09764451
0.34799868
-0.22167245
1.0483514
-0.35258874
0.8428256
0.14521974
0.84715766
-0.04389516
0.14773951
0.44586435
-0.63484746
0.72141564
1.0207264
-0.4570971
-0.2487895
-0.38650945
0.390612
-0.0121099185
0.378768
0.017462498
0.4727899
0.42106628
-0.8722316
0.079202704
0.22603902
0.7154305
-0.95670575
0.72384685
-0.44065204
-0.34150362
-0.62527096
0.19123028
-0.3218494
-0.17888899
-0.20483066
0.40090987
-0.35752136
0.7077353
0.08922011
0.7696284
0.12792239
-0.37576213
0.15035212
0.68334484
0.7717801
-0.2366812
1.099139
-0.014726013
0.77952445
-0.16271815
-0.4848114
0.44220042
0.07626588
0.7168017
0.47038707
-0.9531665
-0.850915
0.39404324
0.70041287
-0.6951719
-0.8002257
0.15693702
-0.7133561
0.066100076
-0.6525322
-0.33630937
-0.6136664
0.714412
0.72734714
0.09983465
0.4603604
0.6116785
0.819904
-0.65035653
-0.30286705
0.059782404
-0.6425171
0.14890927
0.35755676
0.56297547
-0.46855262
-0.60315967
-0.17951703
-0.6832361
-0.6271225
-0.20148726
0.42592177
0.4576027
-0.34940374
0.27989966
-0.3421418
0.45907173
-0.049499694
0.27096236
-0.29110298
-0.21675865
0.21053688
0.24994422
0.33015487
0.089664675
-0.34712756
-0.030176157
-0.38357037
0.48060718
-0.7070266
0.13692513
-0.41250408
-0.631775
-0.35976923
0.7746295
0.21374688
0.20496285
-0.3997746
1.1775311
-0.60031575
-0.41104487
0.08905939
-0.6981038
0.47352877
-0.16856746
-0.7286804
0.3978066
-0.26890624
0.64959484
-0.65153027
0.11800919
0.23164468
0.46584162
-0.5133551
0.32943624
-0.5176012
-0.74819666
-0.63025194
-0.18932357
-0.94715333
-0.3134259
-0.265203
0.048956294
0.6585068
-0.655073
0.55539334
-0.47089693
0.08305577
0.5835304
-0.40742618
-0.40444133
0.78314984
-0.330867
0.6124536
-0.15642142
-0.025632264
-0.35423264
0.15303273
-0.09269739
0.0056160004
-0.7985002
-0.7208216
0.28002757
0.7962406
0.053861085
0.5107316
-1.3482581
0.22623916
0.2609863
-0.08410716
0.4288563
-0.41426778
0.023877712
0.4746692
0.14765693
0.12865636
0.034552664
0.14935756
-0.7199007
0.04921693
0.59283304
0.44949737
-0.6560638
-0.5055031
0.42731878
0.509877
-0.16437307
-0.50922614
0.0075567532
0.8923916
-0.74901193
-0.48489717
-0.16044323
0.423904
0.108658284
-0.060672104
0.2063395
0.0517838
-0.42958656
0.49418855
0.5897052
0.68176347
-0.50136054
0.71052945
-0.49053925
0.14669584
-0.08058585
0.51521903
-0.66196567
-0.57856214
0.3592651
-0.46595067
-0.426493
0.18550909
0.30018723
-0.57265884
0.5439079
-0.4588944
0.18858278
-1.0140904
0.63304424
-0.8775409
-0.43245453
0.5206176
-0.8244335
0.78357184
0.14620507
-0.47776526
0.3793406
-0.21296114
0.14009382
-0.1722828
0.26041812
-0.5281118
0.47629738
-0.37990293
-0.6865189
-0.68993795
0.05876674
-0.56508267
-0.6731369
0.64263767
0.745026
-0.3929789
-0.41361037
-0.1035017
-0.1689665
-0.13690281
0.1322444
0.018423812
0.78622955
-0.7713467
0.071504824
0.58829606
-0.5771543
0.6345441
0.53973424
-0.48301563
-0.83446646
-0.08341994
0.50537086
0.29252943
-0.87191576
0.09421865
-0.39871442
0.35678434
-0.34004125
0.7122402
-0.3354537
0.20350629
-0.4902778
0.0541225
0.34228966
-0.22394516
0.77699435
0.42679438
0.27214843
0.23428717
0.29323608
-0.42874056
-0.016878735
-0.07364537
-1.1889745
0.52215374
0.2442724
0.44014356
0.36240017
0.3268259
-0.977839
-0.016466364
-0.3467075
0.36154747
0.19515364
0.5074711
0.29815236
-0.30128065
-0.07506653
0.27231234
-0.24268343
0.22571506
0.45162508
0.36175272
-0.5843539
-0.027454915
0.54893655
-0.6257518
-0.4078373
-0.31810427
-0.63861376
0.3394828
0.74955004
-0.71821743
0.31946442
-0.030017026
0.092701145
-0.14209896
0.310178
0.23069467
-0.7537643
0.30614147
-0.23664595
0.6751386
0.31893918
0.7606041
-0.5848994
0.8332923
-0.07294523
0.30179068
-0.43418783
-0.61418384
0.36307216
-0.32983807
-0.054601353
0.095827706
0.4218369
-0.44559792
0.24446774
-0.07264241
-0.43758616
0.038320217
0.6821977
0.18987606
0.76447964
-0.4780256
0.14832477
-0.13545413
0.7081279
0.3135192
-0.057371337
0.22275445
-0.47075832
0.75532866
-0.03917741
-0.5319121
0.06807021
0.1649348
0.14962202
-0.40294096
-0.39085078
0.029163852
0.5378421
0.04612791
0.25873414
0.4232812
0.7524048
0.026290642
0.4129703
0.0014877074
0.39255804
0.5418516
-0.39454114
0.10899818
0.037273828
0.80165476
-0.39143273
-0.84918815
0.33488178
-0.51759666
0.7855594
0.678198
-0.5866332
-0.25819087
0.08690653
-0.071807645
0.33097047
-0.36675918
-0.9375938
-0.62367797
-0.097751774
0.62572116
0.16813281
-0.30983666
0.66326267
-1.25063
0.57454115
-0.5686639
0.47991785
0.7322338
0.16500562
0.66598034
-0.5550376
0.31113946
-0.3010711
-0.17824078
-0.15046585
-0.2972462
-0.52291197
0.6303705
-0.2409845
0.33461004
-0.07446968
-0.8875439
-0.8789854
-0.02702513
0.1333973
-0.71307594
0.113713816
0.20085728
-0.78295434
0.63802993
-0.56081265
-0.12506886
1.0283449
0.13653614
-0.6052354
0.077249624
0.017897764
0.33397615
-0.8469208
0.1332747
-0.46718517
-0.7345662
-0.83702815
0.0050594057
0.6337549
0.18740398
0.31980428
-0.44128793
0.85127556
-0.4089422
-0.64564395
0.7769167
-0.67995965
0.33760062
-0.81509537
0.5321387
0.5066344
-0.67076325
-0.73740476
0.772272
-0.6276315
-0.2940305
0.6862916
0.031926613
0.51001537
-0.44462293
0.4543304
0.61463886
0.39510882
-0.5703772
-0.87036705
-0.08475595
-0.24474883
0.4485472
-0.33857587
0.30754706
0.5683556
0.27663684
-0.514458
0.002975198
0.05283572
0.48210943
0.376223
0.28560796
-0.13399374
-0.08897246
0.18468156
0.17870419
0.35904077
-0.4405796
0.76317745
0.32530394
-0.62345386
0.54641736
0.26946735
0.13708492
-0.31953615
-0.122382306
0.323516
0.006812448
-0.006202864
-0.3297174
-0.107334234
0.17286064
0.34725648
-0.038980536
0.53727186
0.40315774
0.14637707
-0.8247745
0.4651278
-0.5270556
-0.044406306
-0.6478685
0.6600257
-0.02568113
0.072296605
-0.18085903
0.7748636
0.12174945
0.43805417
0.58202034
0.4836977
0.08074103
-0.31059292
0.92768663
-0.8820914
-0.24120869
0.052511234
0.019667422
0.4694886
-0.4447632
0.13789706
0.8799712
0.60306144
-0.31183168
0.4989209
0.0313399
-0.45265678
0.273045
-0.25233632
-0.51553804
0.29404512
-0.70490795
0.062419698
0.28668183
0.18579277
-1.3014555
-0.6022796
-0.28494632
0.44923192
-0.71588093
-0.2861968
0.07205855
-0.06651501
0.26621276
-0.9365237
0.6934706
-0.2941807
0.6122073
0.5415949
0.6154746
-0.59836
0.8804326
-0.46788046
0.590001
-0.27342945
-1.2470764
0.81824386
0.58239377
0.044280514
-0.14039648
-0.07699534
-0.28994852
0.4113347
-0.3777604
0.42006764
-0.30377775
0.109403014
0.23940441
-0.2528217
-0.37097758
-0.26877028
-0.4074976
-0.12797613
0.51091427
-0.62167627
0.8437198
-0.016821532
-0.52235794
-0.42828837
0.25083145
0.9474873
-0.3096138
0.7131195
-1.0494655
-0.36641544
0.25289643
0.46163687
0.27975848
-0.5464447
-0.59362876
0.29827258
0.6330716
0.15934388
-0.21017681
0.41808218
0.6019184
0.47094762
-0.5374911
0.39799622
-0.0063237916
-0.39878517
-0.12757823
0.78696954
0.5656146
0.16132703
0.081250094
0.49854475
0.36832878
-0.36116832
-0.7498624
-0.34754106
-0.9743214
0.6082498
0.54999006
-0.4169825
-0.007935859
-0.49483293
-0.08893478
0.40565562
0.47064656
-0.3544409
-0.6068376
0.33335128
0.704606
-0.23401113
-0.51173204
0.3917856
-0.11846307
0.11095632
0.88560605
-0.6935573
0.7765292
0.50255007
-0.6093846
-0.01848946
0.19382563
0.074964136
0.30846977
-0.7386587
0.15635222
-0.6090724
0.45762816
-0.66970736
0.27458447
-0.8631842
0.19575521
0.094227284
0.74454325
0.53425723
-0.011073926
-0.87509686
-0.22806612
-0.7069959
-0.31357688
-0.314621
0.4739063
0.5344499
-0.5725552
0.2413846
-0.7525622
-0.02369206
0.85541135
0.50865066
-0.7402667
0.7055359
-0.1449531
-0.58351564
-0.55555844
-0.17907313
-0.9139104
0.17686298
-0.85689217
-0.24334563
0.47084406
1.0047588
-0.088783726
-0.48779765
-0.48819396
-0.07975073
0.4422943
0.67984164
0.7941645
0.16016486
0.34031188
-0.32841632
-0.3851748
-0.4606662
-0.46677572
-0.13862328
0.22181353
-0.4981173
-0.23503655
-0.094069734
-0.044567358
-0.095101796
0.04596235
-0.49728924
-0.5017295
0.77374023
-0.76496726
-0.5514513
-0.13854988
-0.075279444
-0.055606347
-0.1516083
0.36759573
0.14466932
0.5049603
-0.77633214
-0.041852992
-0.74486786
0.5980201
-0.3125441
-0.16189428
-0.29087445
-0.29613638
0.7096447
0.3679285
-0.13553001
-0.6827075
-0.11364275
-0.042656496
-0.5375909
-0.07610396
-0.16136499
0.33494398
0.54545146
-0.5585803
-0.44678548
0.74948853
-0.22870666
0.36729056
0.36011973
-0.71030587
0.47577885
0.110338405
0.7084046
-0.35380366
-0.013809517
-0.29243898
0.1543713
0.7762326
-0.4097388
0.2428162
-0.88097525
-0.58886284
0.48106176
-1.0632008
-0.34306756
0.07669268
0.47416106
-0.3105332
-0.1928418
-0.19750157
0.4635227
-0.17480533
-0.3012112
0.9479686
-0.0432663
0.44949734
0.44170263
-0.09119899
-0.7941844
0.09466348
0.6162926
-0.1385849
0.62907696
0.55630744
-0.2095422
-0.79930943
0.45640394
0.25114352
0.17681843
0.33610946
-0.86782074
0.5449051
-0.07068265
-0.7581023
-0.44735092
-0.6256048
0.8110621
0.5196544
-0.0753273
0.69161224
0.094601326
-0.24074356
0.11247169
-0.14234267
-0.44663087
0.652271
0.17656733
-0.22038575
-0.28210154
0.6593126
-0.39413878
0.048531517
-0.66888964
0.03869786
-0.10949452
0.29974437
-0.17058374
-0.1505812
-0.29985738
0.15314175
0.35222852
-0.55282414
0.85218805
-0.8077357
-0.17589362
0.2838375
-0.34094363
-0.17814891
0.53931725
0.397044
-0.31606486
0.5005802
0.10614217
-0.50124115
-0.2901673
0.5910702
0.19360548
-0.8724088
0.77109915
-0.17671794
-0.51047134
0.004617606
0.58856106
-0.25257286
0.12604176
-0.33079785
0.3088386
-0.39257473
-0.34359702
0.1590344
-0.06786115
0.6148839
-0.9444756
-0.13043132
-0.34885767
-0.21124656
0.43757164
-0.06285723
0.67186123
0.70195097
-0.5609387
-0.5282301
-0.5892393
0.1267902
0.22172326
-0.5965091
-0.41770723
-0.41490346
-0.7743995
0.24714164
0.8769076
-0.38463444
0.6924385
-0.11454728
-0.6432183
-0.09317321
-0.1978598
0.63774025
-0.99404055
-0.16142353
0.12396588
0.7732393
0.29051614
-1.0046598
-0.8130634
0.939538
-0.6415039
0.63885885
0.41080642
-0.55851436
0.7882323
0.59363896
0.16426834
-0.8406804
0.75221056
0.29003888
0.14871794
0.30408007
0.43589684
-0.018078387
0.20548742
0.42193255
-0.6807247
0.44882143
0.7666323
0.5732294
-0.5297207
0.60529023
0.47980428
-0.6190314
-0.0555419
0.55796427
1.0624827
-0.4187772
-0.2931438
-0.42221513
0.48740152
0.23097928
-0.07225536
0.46292073
0.4071155
-0.305547
0.5506066
-0.53367144
0.105911754
-0.3100147
-0.17654672
0.8317214
-0.04319297
0.94979787
0.3884081
0.19844048
0.19244267
-0.7805211
-0.36821115
-0.2188613
-0.10343941
-1.007519
0.39334616
0.046279065
0.40610224
0.23931336
0.9651967
-0.013117251
-0.038988978
0.4645075
0.025716154
0.23610851
0.33920938
-0.7066716
-0.39903715
0.57837695
0.4262706
-0.5253397
-0.031069022
-0.032123838
-0.82776666
0.797736
-0.7164518
-0.7523966
-0.6260978
-0.28696507
-0.5756843
-0.12898315
0.39724785
0.33368722
0.7821397
-0.34207872
-0.65689147
-0.47068572
-0.48717695
0.3673711
-0.9340041
0.38024506
-0.37504125
0.34540617
0.87506974
-0.63579595
-0.8535047
0.95666164
-0.14585146
-0.10571605
0.62382805
0.40267164
-0.26121294
-0.34066498
-0.22242814
0.8695088
-0.36090758
-0.34129024
0.30230996
0.360337
0.34950045
-0.3493611
-0.87402767
-0.7014679
0.4262508
0.84338933
0.44709098
-0.043077607
-0.42312047
1.0765756
0.18413901
-0.09508524
-0.63325626
-0.10080592
0.19798832
-0.56422013
0.4388893
-0.68189883
-0.14077553
0.30513808
-0.27833977
0.5135905
-0.2559277
0.44015136
-0.0929802
0.16635829
-0.55437046
0.6573738
0.3388199
-0.012765636
-0.026288634
0.5915241
0.6198466
0.75392634
0.60017467
-0.6523172
0.42903084
-0.46689758
-0.5217117
-0.36999232
-0.61110586
0.3779222
0.4056033
-0.5713456
-0.19793521
0.46538925
0.35755596
0.02627474
0.5026068
-0.8110859
0.6730871
-0.46330422
-0.33517194
0.8217713
-0.75019145
-0.23674215
-0.5738779
-0.78928465
0.8440712
0.17875938
-0.073076375
-0.17955782
0.6915749
-0.037579656
0.27947333
-0.7530879
0.1731856
0.5714448
-0.21466726
-0.17251824
-0.09024842
-0.73898435
0.18532868
-0.5607987
0.08694374
0.6327973
-0.3032019
0.6041776
0.35850814
0.07274184
-0.34865406
0.3623862
-0.19406329
-0.30627698
0.6623778
-0.164269
-0.65657014
0.47650167
-0.5389214
-0.06768598
-0.29399464
0.42012274
0.7641823
-0.48734865
0.744753
-0.3931062
0.5827806
-0.9517633
0.56470424
-0.6357259
0.5535167
-0.73681283
0.5521276
-0.085232206
-0.5643526
0.48139575
-1.0736533
0.26001444
-0.6377838
1.0405995
-0.20154741
0.35880408
-0.34789196
0.09841732
0.23318444
0.0013807453
0.31658098
0.24536452
0.23080619
0.62696344
0.45103994
-0.2146774
-0.47972474
-0.48832947
-0.22929668
0.40931284
0.6947591
-0.7290025
-0.8541547
0.7668051
0.015444884
-0.5512262
-0.111924104
-0.099138
0.7870278
0.8080717
-0.7325834
0.63101816
0.54985416
-0.40517828
0.1184099
-0.375518
0.31151804
-0.20372652
0.5804338
-0.6779683
-0.15441002
0.19428645
-0.5285653
-0.739654
-0.05269997
-0.2756004
-0.67986315
0.36428422
0.29977846
-0.57625973
0.3682315
-0.62860376
-0.73169404
1.0067233
0.03558886
-0.526333
0.37180695
0.68974084
-0.21961899
0.6101108
-0.42638534
0.6345586
0.30207145
0.63111544
0.5273629
0.13661808
-0.43789947
-0.2660983
-0.67086
0.14847714
-0.61288303
0.6882274
-0.35195896
0.5802291
0.007102987
0.5897316
-0.3917426
0.34818992
0.41684255
-0.8814686
0.50097114
0.62294567
0.6712997
0.5759121
-0.34712183
-0.10282879
-0.3778646
0.2872091
0.54209065
0.42376283
-0.3927172
0.61744666
-0.0019122015
-0.4959478
0.0579058
-0.250243
-0.11695759
0.39788443
0.020693596
-0.26474994
0.2943485
-0.6264097
0.55435014
0.43687215
-0.2740029
0.69405985
0.31616154
0.55236024
0.66305476
0.49372426
0.35091463
-1.021747
0.6921468
0.5532694
0.29675856
0.37579522
-0.31229463
-0.387086
0.68491477
-0.3083877
0.899282
0.6252356
-0.9805926
0.12695734
0.29961887
-0.36662722
0.5402782
-0.50575
-1.1990066
0.57625544
0.17921464
-2.970233E-4
-0.173712
0.124037735
0.41596597
-0.4668414
-0.5752433
-0.62436855
0.20289005
-0.09870144
-0.16085792
0.15596169
0.07134382
0.967077
0.60559285
0.4235124
-0.6136949
-0.888431
0.40273288
0.3460455
0.41092438
-0.6317751
-0.40505216
-0.08510741
-0.22215128
0.5609607
-0.120799854
-0.4693888
0.6283691
-0.16737151
-0.5296271
-0.052410368
0.43994582
0.5324284
-0.7154749
-0.47055724
-0.36863413
0.518113
0.19056632
-0.47794414
0.29890746
-0.8015447
-0.079235695
0.06911691
0.74806374
-0.13810475
0.29819775
-0.36256698
0.5622203
-0.18459421
-0.7643939
-0.34401172
0.20290868
-0.6627431
0.4839085
-0.6994184
0.29980978
-0.39375117
-0.16565058
-0.61228466
-0.54342806
1.1162982
-0.6692928
0.37059563
-0.13027252
0.2886528
-0.15127674
-0.3566249
0.47869816
0.78881305
0.9167901
-0.52969545
-0.5244341
-0.5742127
-0.41376883
-0.33672705
-0.74520534
-0.25460243
-0.65663636
-0.6130135
0.108747765
0.9601577
0.32402903
-0.6819078
0.2031904
0.5964319
0.54005724
-0.94179267
0.8697802
-0.3926729
-0.10104274
0.38734987
0.52315974
-0.58606184
-0.10779636
0.047823947
0.8011259
-0.5773997
0.9660223
-0.39890647
0.4715194
-0.03638063
-0.036647607
-0.6960104
0.013643329
-0.5647953
-0.56712
0.40861428
-0.85979354
0.7394769
-0.5546186
-0.14880462
-0.84907055
0.6076694
0.8174458
-0.078277946
-0.21272689
0.6153034
0.3640903
-0.27221525
-0.77833873
0.22459517
0.5291952
-0.08226786
0.7626519
-0.7515805
0.42278758
0.07447684
-0.45491293
0.40589204
0.24361238
-0.372915
-0.42985272
0.444899
-0.8460389
0.56497175
0.5734743
-0.36446297
0.64962333
0.6833524
0.21338847
-0.2357797
0.5154497
0.14304918
-0.19768576
-0.41836837
-0.55594015
-0.2630457
0.6347883
0.2608829
0.53192246
-0.27952442
-0.062629186
-0.3046892
0.037948985
0.25419816
-0.32373887
-0.107162915
0.86541224
-0.07298028
-0.18620881
-0.882205
0.6707745
0.3286669
0.41813728
-0.78880453
0.98172957
-0.7651193
0.73868793
-0.80393434
0.18798761
0.7668332
0.46031216
0.36380094
-0.750474
0.23484838
-0.6304991
0.31651506
-0.5389945
0.40555948
-0.4910441
0.17202567
-0.9180541
0.6878656
-0.2431944
0.9907141
-0.7792098
0.3433122
-0.6478631
0.24708751
0.09318956
-0.5534865
0.60406876
-0.3258085
0.5686332
-0.44583833
-0.6076066
0.33286428
-0.39483863
-0.39116353
0.6013049
-0.6521764
-0.62358165
0.54966426
-0.50754917
-0.32485783
-0.16397315
0.2842977
-0.24293081
0.50550604
0.9148254
0.3819292
-0.087057784
-0.22194861
-0.26457813
-0.13114825
-0.37030393
-0.5492378
0.894932
0.4690727
-0.21101421
-0.49380222
0.14804636
-0.16614313
0.1056184
0.69378895
-0.26794833
-0.59806925
0.07502321
-0.48779914
-0.36334702
0.93441236
-0.7043063
0.29963827
-0.11792442
-0.2588397
-0.034350757
-0.90297973
0.93189985
-0.07340827
0.028389946
0.81211734
0.7547806
-0.53346545
-0.046618104
0.48369074
0.14019196
-0.86303157
0.13494448
0.4110257
-0.52264816
-0.21639003
-0.61233294
-0.15557568
0.31505704
0.79376554
-0.28203896
0.23889679
-0.49389622
0.6692885
-0.68725634
0.31203285
0.41704953
-0.18142551
-0.0069745556
0.49109638
0.111184195
0.30499908
-0.6170667
0.86579895
-0.5347472
0.23901974
-0.43546012
-0.33425993
0.42019024
0.0013885498
-0.69728124
-0.2089392
-0.3502222
0.5436663
-0.0777087
0.008644333
-0.17884065
-0.7174177
0.9566982
-0.53745806
1.0049225
-7.870652E-4
-0.5416771
-0.40019882
-0.03567285
-0.39971545
1.0938921
-0.37014237
0.056794494
0.15190002
0.6522706
0.6761299
0.5050146
-0.24154277
-0.35394484
0.7813282
0.19428515
0.32770723
-0.8791672
0.2770487
-0.69412196
-0.8751086
0.6260239
-0.38616696
0.1461182
0.054421607
0.3939942
0.65925586
0.07142599
0.06963281
0.605779
-0.05324823
-0.48501456
-0.5872961
0.5880499
-0.12123396
-0.37976247
-0.6337213
0.1169055
0.3916201
-0.56470287
0.36298057
0.6584934
-0.8514598
0.10404769
0.6072653
-0.030688329
-0.3269932
-0.19790557
0.3986664
0.77525795
-0.4861027
-0.41815162
0.4179123
-0.34926003
0.8478284
-0.8014274
-0.018062074
-0.0131212985
0.20520166
-0.029779386
-0.4450418
-0.49223304
-0.31322846
-0.17340778
0.8661105
-0.13542207
0.5073432
0.5992818
-0.16406764
0.5366598
-0.6532894
-0.2218667
-0.20169191
-0.30394408
-0.7836232
-0.44959766
0.5103089
-0.6166188
0.6884228
-0.22535066
0.86799926
0.46852523
-0.41281804
-0.12090287
0.44988298
0.45202336
-0.530483
0.18401234
-0.52244204
0.024330232
-0.05577822
0.13446471
-0.764736
-0.24408361
0.37179682
0.9731969
-0.738028
0.27593237
-0.016609957
-0.098582104
-0.57836443
0.8813483
0.3231021
-0.14773649
0.57326025
0.88321644
0.5195866
0.2344693
0.2590792
-0.5937814
-0.24844964
0.45855755
0.29225954
-0.7703068
1.0887346
-0.46451744
-0.5818993
-0.2902617
0.90372777
-0.30827692
0.07751098
0.026136147
0.08747347
-0.385099
1.0038493
1.0155028
-0.48316514
0.32460856
-0.9572792
-0.060476128
-0.6745865
0.20538983
0.2003244
0.39890316
-0.69461364
0.180895
0.51410455
0.60528874
0.4755815
-0.67454326
-0.44811338
-0.4928178
-0.3574572
-0.5298184
-0.88689494
0.17959604
-0.18880856
-0.5686333
0.046949446
-0.39127633
0.20683698
0.13427813
0.5182762
-0.8087479
0.043798022
0.6826974
0.26210546
0.16583116
-0.5724261
-0.013922454
-0.3846631
-0.29608786
-0.45174178
0.59473395
0.11295062
-0.5966712
0.18011437
-0.35170949
-0.70571005
-0.80174685
0.25759044
-0.24006987
-0.75874436
0.66938823
0.7756294
-0.55224246
-0.08237155
-0.25752148
-0.17873415
0.60609686
0.5301491
-0.802091
-0.5082641
-0.05873659
-0.2845375
-0.31947383
0.050619483
-0.3924741
-0.49497277
-0.36436465
-0.45194027
0.63582265
0.5952709
0.32856435
-0.30201325
-0.10671697
-0.6939504
-0.621951
-0.5368307
0.24483335
0.4899922
-0.894458
-0.33082628
-0.014945247
0.33295736
0.5153221
0.5920385
-0.392796
0.5830612
-0.51723427
0.99588805
-0.1376415
0.6443323
0.90595704
-0.75465727
0.38748944
-0.3360133
0.28113332
0.6230796
-0.09518037
0.48151654
-0.8547025
-0.59806406
0.37709397
0.5755029
-0.45194185
1.1881223
-0.63649035
0.3994465
0.6165003
0.29156443
-0.06855948
-0.17468819
0.15895113
-0.5237778
-0.13968512
-0.043814372
-1.099509
0.5734371
0.5270834
0.31753927
0.20693469
0.3586101
0.16576041
-0.97294223
0.4603369
0.12541135
-0.5242409
-0.4114684
0.7026443
-0.03190971
0.39297995
0.9984213
0.8407807
-0.5718046
-0.8316797
-0.13269809
0.60799444
-0.20443231
-0.009971847
0.8173378
0.68444246
0.7350638
-0.7836785
-0.6547659
0.5560784
-0.40877506
-0.45302916
-0.36852813
0.64593816
0.015844347
-0.79555565
-0.034744248
0.950962
-0.25172862
0.8729858
-0.33132374
0.048285004
0.48876795
-0.40248686
-0.35061735
0.24824879
-0.6064576
-0.45156458
0.11681239
-0.29471925
0.7436553
0.2831215
-0.17346165
0.4618298
-0.78729385
0.09224527
0.4979391
-0.70909625
-0.6769798
-0.74320227
-0.27189553
-0.4406599
-0.7192161
-0.3605835
0.688426
0.58238053
-0.6080712
0.587629
-0.6826619
0.0663557
-0.012416125
0.0611344
0.06490189
0.33048442
0.3098756
0.7798984
-0.845251
-0.086578034
0.48310438
-0.31677827
-0.5590732
-0.21396889
-0.20126753
0.8136507
-0.6194422
-0.4784309
0.28033972
-0.35536087
-0.1965315
-0.89060324
0.1668309
0.76726353
0.5272512
-0.37822774
0.73647475
0.39190876
0.31406668
-0.32972884
-0.06809481
0.25053865
-0.60518444
-0.24444063
-0.43288055
-0.055237178
-0.99896574
0.7056775
-1.0852807
-0.7245534
-0.58494174
1.0489504
-0.24181822
-0.47468582
-0.07255753
0.36026585
0.5538925
-0.8201481
-0.9041902
0.037244923
-0.32595587
-0.32189554
0.84892714
0.8675101
-0.23449604
0.30568323
0.82331705
0.11815136
1.0862159
-0.5548543
-0.3694734
-0.6172592
0.9319981
0.26580936
-0.4821731
-0.6042713
0.26004347
-0.68582296
0.6390297
-0.83246416
0.8193012
-0.6126322
0.5107576
-0.3858702
-0.34114197
0.442277
-0.55115575
0.8549597
-0.5777885
0.7327173
-0.42271608
-0.10133585
0.14113323
0.30401686
0.1308064
1.1780658
-0.511652
-0.70241815
-0.10798129
0.1978266
0.12526374
-0.080033764
-0.10946294
-0.11671666
0.51799136
0.8252855
0.33134747
-0.59137666
0.36805975
-0.88655066
0.63271564
0.38859212
0.49942297
0.9636202
0.33837742
-0.07782813
-0.8394723
0.33798468
-0.07318877
-0.018836422
0.08615273
0.61796415
0.27357665
0.029713703
0.5315912
-0.14599788
-0.91396296
-0.36561605
-0.8386131
0.97834885
-0.4485677
-0.6753739
-0.06083942
0.061969046
0.9051277
-0.7027306
-0.6982725
-0.21209861
0.11422659
-0.61817
-0.712472
0.41041076
0.1127024
-0.915926
0.72652096
0.49740702
-0.66744435
-0.12353991
-0.5409036
-0.25694275
-0.05295785
0.7914982
-0.3039374
-0.03538921
-0.8375015
0.08644287
0.432894
0.27161515
-0.35551074
-0.052859243
-0.43714845
-0.24519469
0.06717748
-0.9512205
0.5691999
-0.76826525
0.21093874
0.6235387
0.16144407
-0.91946316
-0.13687496
0.7506556
-0.61045134
-0.07111351
-0.61324763
-0.8071032
-0.33612365
0.009623221
-1.0154786
0.9505614
-0.25983208
-0.040518425
0.36483878
-0.23291785
0.9001426
0.7327987
0.22701949
0.8048192
-0.29813093
0.10001388
0.6853471
-0.50425595
-0.7059191
0.01476095
0.4905739
0.6463175
-0.13431643
-0.08082202
-0.2711832
0.7678987
-0.5237935
0.07961275
-0.07347956
0.12839174
0.8243476
0.78087395
-0.95183676
0.64549536
0.7506961
-0.27132168
-0.36720392
0.94125015
0.33716333
0.46759722
0.054228734
0.42266405
-0.43065718
0.4209584
0.8623267
-0.4900493
-0.3411974
0.06502719
0.09407629
0.016405815
0.72345746
0.42836165
0.7053203
0.582317
-0.7949766
-0.49291772
0.24943742
0.5975452
0.39091855
-0.1858796
0.13699773
0.3328523
0.72626877
-0.6971764
-0.021229604
0.09201869
-0.15521695
0.3834144
0.431174
0.48704067
-0.63472325
-0.094381146
-0.79282373
-0.63097775
-0.8992477
0.38343117
-0.7041676
0.19507228
0.60733205
0.541195
-0.8648805
0.0728779
0.12735747
-0.12479832
0.60620135
-0.53104854
0.37863296
0.054652054
0.1364308
0.5805057
0.09835229
-0.51855713
0.5210768
0.07506494
-0.5532824
-0.7964277
0.72853553
0.980589
-0.0885137
-0.3731409
-0.66274273
-0.37090847
0.7888174
-0.6450168
-0.76650405
0.72781223
0.52874875
-0.27051768
0.84811354
0.005731358
0.5163999
0.2212919
-0.4762368
-0.17713147
-0.2515223
0.81782895
-1.007673
-0.595269
-0.7417982
0.65624756
-0.61991477
0.45655563
-0.5499548
-0.20372492
-0.048002187
-0.5899562
-0.86226976
0.4642325
0.67728025
0.6733875
0.20481762
0.2388582
-1.1877177
0.756971
0.39058945
0.23285426
0.7387069
-0.67698437
-0.3272209
0.35924026
0.5074661
-0.7607993
-0.7059325
0.323853
-0.09737459
0.5371425
0.57820934
-0.016187215
-0.05175589
-0.002073035
-0.6604805
-0.33568206
-0.18334685
0.35857838
0.51799685
0.40636167
-0.40912274
0.81265837
0.43289757
-0.56322396
0.5513628
-0.29246366
-0.79721504
0.7374069
-0.43285477
-0.47753072
-0.27100646
0.732413
0.14721538
-0.71167135
0.58015317
-0.89419645
-0.34250173
-0.5219931
-0.095188744
0.11771469
-0.3563776
1.0746303
0.6287884
0.44388446
0.3988364
-0.09782718
0.18119389
-0.005451219
0.0515393
0.06443613
-0.6161258
-0.5416904
0.6567585
-0.5352757
0.5101527
-0.08873883
-0.03503074
0.12561439
0.4587456
0.6822718
0.48495248
-0.7419365
-0.47938788
0.35264567
0.97536314
-0.48319152
-0.033192005
-0.45861202
-0.2485785
-0.3747376
-0.6898817
-0.22592005
0.09600332
0.59237844
0.3432468
0.5885836
0.17992206
-1.0714427
0.81805557
0.4417709
-0.39898342
0.8760696
-0.66231984
-1.1033243
0.6437866
-0.5326472
0.54431105
-0.42116138
0.053773258
-0.1989644
-0.20912647
-0.19581883
-0.699227
0.50436527
0.51418555
-0.9842437
-0.61769646
0.87142867
-0.3487526
-0.06561647
0.9251167
-0.7958434
0.5179359
-0.6454806
-0.38488993
-0.58798015
0.6721825
0.012433442
-0.08275237
-0.055574324
0.12963139
0.69455004
-0.6863491
-0.25375757
0.50314254
0.07161849
0.25176632
0.3322453
0.2969666
-0.5827351
-0.4495294
-0.5525689
-0.24587306
-0.6553482
-0.60358477
0.24866447
-0.53344464
0.53259814
0.5287272
0.41210943
-0.14152944
-0.83647895
0.89887697
-0.41182092
0.39076024
-0.39208534
-0.69610745
-0.0335205
-0.6099304
-0.8872449
0.44746464
0.07433629
-0.091963366
-0.25265273
-0.41072133
-0.9142754
0.11915909
0.046536036
-0.6849975
-0.10369362
-0.46767735
0.64653814
-0.9460911
-0.6898015
0.8933079
-0.3264202
-0.23580286
0.33555534
0.9542818
-0.55979085
0.69751984
0.27790016
-0.7197533
0.72966975
-0.84229875
-0.4854686
-0.6064077
0.89425087
-0.61807925
0.6891992
-0.77417713
0.054370273
-0.682488
0.7726179
-0.44104785
0.41880107
-0.43170357
0.25511828
-0.2878136
0.4079948
0.33916295
-0.5967696
0.79852784
0.71074104
-0.8594674
-0.18560575
-0.03354143
0.7547001
-0.6624495
0.6708356
-0.45408797
-0.79494774
-0.21384665
0.7508779
0.40955997
0.3122597
0.63725585
-0.30373186
0.9443642
-0.8870638
0.695952
0.5766574
0.62007546
-0.5477626
0.2378692
0.56445265
-0.5273022
0.23755243
-0.13266915
0.073806256
-0.18682203
0.67941535
0.31310785
0.0357354
0.24896076
0.9683615
0.059815798
-0.9135081
0.4065728
0.7129116
0.62136036
-0.41527146
-0.87227416
0.7210296
0.33157384
0.7176831
-0.854789
-0.11310514
0.66024774
0.07391183
-0.07419381
0.08732236
-0.2749327
0.66287994
-0.5422801
-0.16554067
0.41587648
0.5447546
-0.65160704
-0.35234258
-0.29589626
0.30287582
-0.15199526
0.25237393
0.4046901
-0.8521088
-0.39839372
0.1168472
-0.042325832
-0.7568326
0.8209508
-0.74917525
0.18958044
-0.34613824
-0.19674858
-0.30471382
-0.19491494
0.9056829
-0.521383
-0.3032393
0.31654006
-0.20566565
-0.5688802
0.558603
-0.096243195
-0.5378879
-0.2621203
0.041195482
-0.10944028
0.98445606
-0.7631638
1.0096042
-0.4987064
0.9966012
1.0914682
-0.5375318
0.28833073
0.3020489
-0.8447628
0.65698737
-0.49686018
0.6448799
0.383015
-0.6645344
0.61752707
-0.3534503
-0.37668112
-0.62802327
-0.23077305
-0.9833164
0.78051716
-0.2323749
-0.023017418
0.40806496
-0.40252793
0.26686525
-0.10456763
0.12932836
0.26958576
-0.62197423
-0.16037695
-0.7427342
0.9276135
0.46058804
0.118148096
-0.1928175
0.24840748
-0.19141822
-0.7139753
0.1806718
-0.7124274
0.7890588
-0.10719362
0.35812804
-0.5204475
-0.66506964
0.37807763
-0.28009957
0.74610275
0.4916654
-0.63589567
0.41483897
-0.6842095
0.26072708
-0.29095304
0.48346
0.38359368
0.07066914
0.3233848
0.7478918
-0.54664296
0.5323303
0.30965722
-0.583588
-0.5612065
-0.16204111
-0.32148594
-0.3649774
-0.7302785
-0.5967271
0.28382447
-0.16001678
-0.3998135
-0.34597778
0.48600236
-0.8447833
-0.773195
0.13110429
0.52366763
0.7150704
-0.34151307
0.11043989
0.3521948
0.41145226
-0.8174532
-0.84351647
-0.20112558
0.20364247
0.49304157
0.122870214
-0.19217291
0.47214264
0.22159106
-0.1004005
-0.7307872
0.28470504
0.11113815
-0.77672935
0.034964085
-0.5485197
0.40158573
0.3632061
0.39353418
-0.13186571
0.38236713
-0.040263228
-0.010493537
0.6830291
0.07115436
-0.11557482
-2.1170705E-4
0.8273388
-0.5060839
-0.21516754
0.27051875
-0.27235383
-0.48928332
0.13386644
0.044702306
-1.0999006
