0.15604068
0.6301055
-0.7712057
1.015046
-0.40301093
-0.0019455298
-0.20400389
0.14202166
-1.0531543
1.0141474
0.207661
-0.33629537
-0.21598856
0.43680146
0.055038605
-0.803005
-0.51445603
-0.31536648
-0.45041367
-0.3614681
-0.62294394
-0.41897768
-0.6356758
0.4500167
0.6435539
1.0756184
0.16027698
-0.24562563
0.55804604
0.64899695
0.1997361
0.009304632
0.6944372
0.8682431
-0.29427508
-0.16078562
-0.5881723
-0.12592122
-0.89130616
1.054655
0.47446588
0.8514372
-0.11957577
0.7899978
0.5935339
-0.060515065
-0.71072346
-0.37096104
0.65469086
0.45681068
0.1481807
0.032030925
-0.37015206
-0.47316
0.7430613
0.04210105
-0.466797
-0.099814594
0.7192411
0.6292424
-0.5416677
-0.42564613
-0.85877556
0.76504195
-0.3316561
-0.014675433
-0.19970986
0.68482864
-0.94537693
-0.4377878
-0.09412524
-0.11508316
-0.120740645
0.5818169
-0.1296827
-0.26717046
-0.08506825
0.6915589
-0.5543884
0.9462502
0.9100835
-0.2769156
0.7189191
0.7805453
0.8634448
0.57107985
-0.42317367
-0.6126102
-0.5627036
-0.51823634
-0.3280956
0.2602853
-0.32002568
-0.72188634
-0.5929666
0.35019562
0.58592796
-0.7960103
1.9371215E-5
0.11433392
-0.5250925
0.83960426
-0.9319323
-0.436539
0.037052512
-0.26953945
-0.44419983
0.033938676
0.09981317
0.5091062
-0.5742786
-1.0022933
-0.38272393
0.56948453
0.14178777
-1.0437942
0.29701117
-0.33117634
0.52235645
0.4473634
-0.19649942
0.7496406
0.2886094
-0.025668144
-0.20256329
-0.7805873
0.805383
0.046363033
-0.1613361
0.076365456
-0.2566241
0.23845215
0.3044438
-0.24987867
0.35924107
-0.5729702
0.6367053
-0.24037047
-0.46898156
0.0566878
-0.48224917
-0.00912453
-0.38618234
-0.2618121
0.16761358
0.57971317
0.16111714
-1.0455889
0.39116552
0.69929624
-0.05255545
-0.4475253
-0.4873203
0.6101622
0.6905297
-0.6861413
-1.1284794
0.3331472
-0.095469505
0.28170422
-1.1630018
-0.4974611
0.06234406
0.20361973
0.45189562
-0.8353541
-0.93255687
-0.15228681
0.82561386
-0.46078637
0.011555869
-0.4752551
-0.45147333
-0.60326254
0.72334146
-0.13011073
0.50568265
0.3691189
-0.38700622
0.25258726
0.40622824
-0.5845189
-0.85065794
0.3565002
-0.25280845
-0.9358502
-0.054013
-0.12253073
-0.5414321
-0.27040634
0.8716049
-0.27652586
0.8450254
-0.1304932
0.31705898
0.5559686
0.42090756
-0.2297915
-0.114696294
0.2731456
0.09200775
-0.6343679
-0.06410257
0.40626636
-0.12041524
-0.7314738
-0.32989717
0.8937523
0.031794652
-0.27667555
0.07571941
-0.17508845
0.20663664
-0.0017665321
-0.47218806
0.33206227
0.773075
-0.7648956
-0.83810365
0.45167586
-0.54345244
0.28713405
0.52312446
-0.18556204
0.3303557
0.47671172
0.56174743
0.57928973
0.20534016
0.74909467
0.2785679
0.75632226
-0.7882469
0.41116908
0.024458537
0.7256405
0.8706717
-0.026178254
0.48559225
-1.1863666
0.42102027
0.11859586
-0.0046218927
-0.21112359
0.4548173
0.6465288
-0.5822292
0.58118665
0.47452396
0.43324494
-0.43839335
0.06974781
-0.36422098
-0.7945582
0.28176403
-0.10536282
0.38847142
-0.70468503
-0.6707766
-0.80868113
0.14230184
0.15761977
0.6907255
0.21179111
0.55674547
0.6114045
0.6520464
0.22650404
0.155655
0.7728799
0.4484454
-0.6451645
-0.5421094
-0.55222505
0.010765318
-0.033002336
0.7616463
0.15639938
-0.13315867
0.31015933
0.46315998
0.25921145
-0.09103459
0.471023
0.20444684
0.30992615
0.34871832
0.4678827
-0.50728667
-1.1010524
-1.0592488
-0.4093203
0.24182959
0.26821172
0.06656599
-0.7319026
0.4428804
-0.36500913
-0.8032327
-0.0056679663
-0.5221134
0.1238479
0.62860346
0.24791786
0.3871965
-0.050095838
-0.37445468
-0.7930132
-0.57489896
0.54725313
-0.27633426
-0.7401363
-0.15015237
-0.75847864
-0.15560812
0.9705573
0.12177917
0.76676947
-0.5515103
0.64183825
0.6959563
0.7858796
-0.74337494
0.59651315
-0.13372749
-0.37663093
0.45731157
0.14995337
-0.49931234
-0.25232643
0.46852753
-0.76214343
-0.133136
-0.7090232
0.5045674
-0.028898066
0.9564182
-0.8125734
-0.16429205
0.23742758
0.030802732
0.10286468
-0.8210515
-0.07575652
0.1869146
-0.13889955
0.56345755
0.052924793
-1.2131423
0.012148314
0.41728565
-0.29300627
0.12601146
0.06465324
0.6807807
-0.38440502
0.39643544
0.4931597
0.4706093
-0.8661246
0.3843803
0.073980354
0.056045096
0.7665206
-0.3336538
-0.123718865
-0.17684942
0.73763746
0.34983808
-0.2843202
0.79848254
-0.52801645
0.46185812
-0.19766974
0.6790437
0.59217364
-0.08569831
0.38138604
0.41775146
0.05525814
-0.35118768
-0.6522702
-0.15507576
0.18714096
-0.20095111
0.702019
-0.5114072
1.0681249
-0.9554772
0.6648414
-0.31661087
-0.6080382
-0.06745293
0.966158
-0.7544871
0.060945924
0.027939165
-0.73617846
-0.14601648
-0.1353941
-0.666208
0.55757177
0.7106298
-0.18495333
0.380094
-0.5703394
0.43195218
-0.540863
-0.8629018
0.22454044
0.03328151
0.24826036
0.6335478
0.90865296
0.16348116
-0.3809216
-0.39911544
0.51447207
0.6899769
0.2949523
0.26161903
-0.2524702
-0.22330925
0.19139725
0.023764461
-0.75754994
0.4727548
-0.82080376
0.48087564
-0.51316583
-0.393317
-0.45895797
-0.08314197
0.4574058
-0.15275247
-0.6669542
-0.4470986
-0.58501786
0.69820213
-0.5201709
-0.34574488
-0.8256069
0.40530974
0.7556068
-0.4854935
-0.11034963
0.34194517
-0.42937034
-0.023010194
-1.1609703
0.15742122
-0.80794036
-0.35932052
-0.66385674
0.24308783
0.8823631
-0.5569764
-0.6965713
-0.58831584
0.20371218
-0.085298076
-0.7252673
0.9206502
-0.47254726
-0.8345764
-0.8342826
-0.31910396
0.4293688
-0.53701806
0.22493815
-0.4704096
-0.032758575
-0.7317636
0.32317084
0.16213617
0.92277694
-0.20835719
0.09491785
-0.50642407
-0.45919394
-0.4102655
-0.8716807
0.73153156
-0.9547829
0.2032069
-0.60939926
0.07452453
-0.4744657
0.71188176
0.8787906
-0.76641124
-0.36830014
-0.45409498
0.58349234
0.3037182
-0.8312871
-0.19702096
-0.12275717
0.8086809
-0.29647008
0.5965341
0.43491596
0.13473052
0.20095432
0.38357735
0.5207999
-0.22805722
0.5069593
0.45433193
0.9182775
-0.4801615
-0.3480911
-0.05670125
0.48816007
0.34404945
0.31008685
0.7548103
0.57826316
-0.26194254
0.72594136
-0.49769807
1.0400268
0.7294331
-0.6299227
0.5927562
0.63834834
-0.061956592
0.9691522
-0.7780873
0.5954289
-0.06666666
-0.49629366
-0.09898568
0.6334353
-0.5039409
0.3960716
-0.50834596
0.91597295
-0.15375717
-0.44127965
0.29947212
-0.15378048
0.5452149
0.32961166
0.7067154
0.5528922
-0.88249797
0.8187242
0.28561187
0.3147566
0.87813777
-0.657277
-0.48889914
0.79708326
0.22203256
-0.7676901
0.2793401
-0.26176414
-0.3040583
0.1319
0.46093622
-0.105446324
-0.24300888
0.10732256
0.5091871
-0.16613106
-0.9520103
0.1708098
0.64511603
0.4053999
-0.41783628
-0.33226913
-0.5217332
-0.27702117
-0.6048722
0.9182534
0.6848375
-0.5055391
0.1725208
-0.53500164
0.24344236
0.5853357
-0.4682576
-0.6175341
-0.6616624
-0.055811144
0.93175614
0.162153
0.60514027
0.5593021
-0.60776716
0.60646886
-0.07511285
0.83899754
0.41314286
0.6007718
-0.34012914
0.28827363
0.5509583
-0.48666063
0.11333057
-0.26643315
-0.44109118
0.026523987
-0.34706706
-0.74955463
0.8467664
-0.00730669
0.8765696
-0.7768641
-0.47414416
-0.27641642
-0.263351
-0.83495224
-0.52288175
0.60867
-0.51856506
-0.2742938
0.4743871
-0.5898543
0.5480706
0.4425192
0.067923926
-0.7522978
0.23397638
0.7022362
0.4719675
-0.79379004
0.59752864
-0.61819166
-0.3048546
-0.46928376
0.92484426
-0.009472356
0.24030095
-0.5004421
0.81492746
-0.24751239
-0.7231626
0.8920818
-0.67213434
-0.3715232
0.5691204
-0.7523935
0.64986414
-1.0101395
0.16503914
0.77866465
-0.5119231
-0.7252208
0.056241535
-0.4391101
-0.1849931
0.037053913
-0.24986537
-0.64733034
0.7478114
-0.9380903
0.157099
-0.35163093
-0.5307947
0.034786567
-0.08354955
0.70889175
-0.54983366
-0.41456518
0.6008128
0.28988734
0.73914444
-0.6250182
-0.373031
0.77692616
0.44765544
0.24982716
0.14071618
0.91316867
-0.4766229
0.88849217
0.26154155
0.36580503
-0.30878335
0.23489347
0.916668
0.33669758
0.06291828
0.1980779
-0.81822807
0.91760194
-0.55194455
-0.10435701
-0.64027965
-0.038294684
1.0365127
0.26769644
0.56741923
-0.84236956
-0.57452327
0.30029428
-0.7576167
-0.41253832
-0.39015844
0.6997877
0.2951492
0.017892625
-0.31992275
0.8007604
-0.37967682
0.947728
-0.60993
-0.61024207
-0.12845051
0.8277834
-0.174563
-0.16888726
-0.5933939
-0.15269163
0.18676521
-0.6185802
-0.8056333
-0.6798621
0.47759888
0.4550518
0.14131057
-0.51068234
-0.5917087
0.9154468
-0.21396208
0.72719413
-0.451051
0.35216856
0.15958044
0.17871265
0.035458546
-0.4707609
-0.923939
0.1873365
0.19893199
-0.6629061
0.9231506
-0.65932494
-0.47956035
-0.45940802
-0.12578823
-0.52241176
-0.55531555
0.48891962
-0.66342247
0.45661572
-0.5543077
-0.14059135
-0.09550911
0.7409854
-0.6536364
-0.3075598
0.33373213
-0.5051714
0.6786671
0.12903792
0.388446
-0.7521507
0.26317492
0.48354486
-0.18849213
0.46739677
0.8348924
-0.18968524
-0.81439
0.4526368
0.0649257
0.26256666
0.3019812
0.7181277
-0.78990525
0.6280505
0.55647916
-0.099585176
0.27116588
0.27131793
0.2664874
0.20964856
0.18306206
0.65388435
0.26392612
0.39239255
0.6773702
0.04039642
-0.2907782
-0.732392
0.63844436
0.21067269
-0.44385627
-0.24307306
0.14407673
-0.83580065
0.48017702
-0.90534425
0.14352538
-0.02295005
0.09238787
0.114327975
-0.61900073
0.7285144
0.60847086
0.30220068
-0.2866947
0.73700595
0.25444242
0.35961005
0.13621192
-0.73314756
0.8346519
-0.42411396
-0.3029051
-0.5403527
0.18726967
0.28912914
-0.3551708
0.84652346
-0.31248623
0.15755607
-0.22340964
0.27107203
-0.10023054
0.11946321
-0.51598316
-0.37605304
0.7252515
-0.7738005
-0.056725793
-0.30474848
0.60952806
0.67020494
-0.21470115
0.48839033
-0.65901923
0.69547343
-0.30262488
-1.2275625
0.27566084
-0.17327622
0.066563
0.25513136
-0.42655322
0.5025552
-0.43585122
-0.43934906
0.2245459
-0.48226807
-0.78465635
0.032863904
0.0615871
0.04077553
0.401621
-0.8763552
-0.2538211
-0.28730777
0.12670662
0.56595045
-0.845974
0.5264865
0.61899763
0.35618016
0.7240548
0.83171505
-0.77370757
0.20544878
-0.6398866
0.111414276
-0.6563345
0.62003213
-0.4379247
-0.11407811
-0.2227741
-0.4680885
0.56549364
-0.5896426
-0.1354642
0.48322082
-0.6791878
-0.07669345
-0.5376529
0.73377156
0.40545553
-0.32106078
0.37098697
-0.51926124
0.28392363
0.4754354
-0.43517357
-0.43467012
-0.05885704
0.6436099
0.2955118
-0.170918
-0.666678
0.39434078
-0.050041582
0.0040913527
0.39837193
-0.7898164
0.12861836
0.058233898
0.4597931
-0.24559759
0.92843896
-0.5116519
1.0433156
-0.705668
-0.38959974
-0.11330303
0.21670823
0.11350544
0.1537421
-0.2405869
-0.6059589
-0.17544107
0.77751464
0.39941466
0.5553005
0.43679368
0.20954071
0.46843526
0.03492692
-0.50794363
0.036883656
-0.9154626
-0.35937643
0.30003387
0.8041112
0.98292094
0.37535807
0.58503103
-0.079228334
-0.3200169
-0.45054764
-0.30463988
-0.046170592
0.33986038
0.455699
0.3785773
-0.6709297
0.59268
0.11511273
-0.5036993
0.25310332
0.04864205
-0.6973992
-0.041076895
0.21232483
-0.28200817
-0.85837114
0.4404412
0.36459166
0.6839642
-0.8788353
-0.13047183
0.018620104
-0.4716096
-0.7286759
0.15549874
-0.7225118
-0.15378565
0.51887304
-0.97662383
0.14420614
0.5935496
0.64538234
-0.6055142
-0.55956304
-0.373049
0.21488118
-0.7292526
0.9887183
-0.26308855
-0.18151268
-0.70864433
0.14641595
0.8990436
-0.20616044
0.41463134
-0.38628346
-0.49962538
0.07952232
-0.8408018
-0.7899377
1.0164683
-0.319803
-0.28334948
-0.6862869
-0.5797713
0.03754797
-0.39684796
-0.033070084
0.87070113
0.50602144
-0.25172517
6.944635E-4
-0.4859427
-0.017742809
-0.3490225
-0.294086
0.37371573
0.45090348
0.21484739
-0.72806937
-0.4802341
0.98808295
0.70339024
-0.70183444
0.61332864
-0.6076967
-0.46859428
-0.34820035
-0.3692363
0.44062904
-0.53739035
0.40941432
-0.48018464
-0.72670186
0.60078084
-0.96472096
0.12479548
0.58213073
0.64859766
0.5518386
0.30739152
-0.09968626
0.50777495
-0.51176906
0.08736759
0.05794184
0.5772561
0.7916674
0.16698533
0.74475294
-0.22184089
0.44999054
1.1892161
-0.49500975
0.19507678
0.5063778
-0.68902886
-0.38517955
0.8836302
-0.22979052
0.14495678
0.9935122
-0.68304724
-0.45446545
0.9873412
0.64624274
-0.400351
0.35877183
0.9454856
0.25915894
-0.1840055
0.26240128
0.28912622
-0.29016212
-0.53526795
0.28630626
-0.32512352
-0.19796522
0.3695916
-0.69998956
0.43016326
0.3429909
0.2564388
-0.6360197
0.15806682
-0.5173313
-0.29039365
0.11612874
-0.5115306
0.54395133
0.20540035
0.8317759
0.29084748
0.71239805
-0.58271813
0.2282401
0.41420075
-0.58223253
-0.23153996
0.09783009
0.466168
-0.26910084
-0.63922966
-0.05236162
-0.8497528
0.5753406
-0.20133658
0.51355076
-0.50081605
0.28264797
-0.6511964
-0.086399585
-0.15597269
-0.6995644
0.79432565
0.050889205
-0.6096632
-0.18502794
0.704876
-0.78704077
0.12382257
-0.2454495
1.0345275
0.3186518
-0.031965252
-0.5078317
0.47998354
-0.34617442
0.5478411
-0.68055904
-0.49380603
0.4913778
0.80747867
-0.14490402
1.1443295
-0.06651942
-0.6164802
-0.6030903
-0.5063157
1.126432
0.28362876
-0.6493566
0.44688258
0.37507847
-0.47360143
-0.07187113
0.07438216
0.83038425
0.55626845
0.8823004
-0.65783596
0.15252927
-0.354464
0.8947257
-0.34390256
0.19922866
0.5200546
-0.88355
0.70148486
0.7981928
-0.5337426
0.29577217
0.46519014
0.4189826
0.25210524
-1.1578017
0.5906752
-0.21432227
0.66274
-0.19622506
-0.5129864
-0.27152258
0.4210995
0.8388536
-0.83127147
-0.11141107
-0.11280568
0.7110357
0.07233341
0.1277805
0.35148785
-0.13375932
0.104394846
0.61919814
-0.24463914
-0.32306933
0.046646334
-0.3523996
0.4335006
-0.2295933
0.5545164
0.3699418
-0.056446012
-0.14896402
-0.6304478
-0.21573812
0.76527756
-0.33215195
-0.1964645
-0.31183603
0.0403933
0.6946989
0.96975607
-0.7910954
0.33955374
0.23787655
0.8406862
0.6765087
-0.413779
-0.062407013
0.19917142
0.6476944
-0.046919268
-0.13076466
0.15844433
-0.59235305
0.5645207
-0.5911629
-0.049741317
0.03586411
0.32837218
-0.7199467
-0.7694963
-0.8596126
-0.8855938
0.47900695
0.36673808
0.2035691
0.11337958
0.55838925
0.46221513
0.21330638
-0.41591105
0.520839
-0.81945664
0.31841543
0.4299892
-0.688604
0.2840119
-0.3418249
0.021370903
-0.25764197
-0.77130574
0.37146118
0.80607677
-0.32338625
-0.71064144
-0.2720023
-0.5627847
-0.5580421
0.5822791
0.026379952
0.011041505
-0.35375622
-0.24296944
-0.30343854
0.31812143
-0.36140764
0.8068589
-0.25213352
0.5572273
-0.56491554
-0.7502955
0.6383348
-0.74508643
0.6991836
-0.043192275
0.70018727
0.29802567
1.124917
-0.7842339
0.9858026
-0.19588114
-0.77707446
0.18867028
0.7349526
-0.78499985
0.73753
0.2189111
-0.777997
0.6002309
-0.63632655
-0.044939213
-0.9081213
0.33451498
-0.4055946
0.76643336
0.7768626
0.35182288
0.30673712
-0.31401765
-0.5571474
0.17149341
-0.6976431
-0.51637965
-0.096602336
0.5319299
-0.82225597
0.08756
-0.37856486
-0.79775405
-0.41250223
-0.27720273
0.5470475
-0.54876107
0.62252843
0.43325332
0.6262494
-0.97106516
-0.16421098
-0.50197595
0.7582778
0.393384
-0.25798893
-0.5562795
-0.5982226
0.27840948
0.9332778
-0.20517372
-0.42877257
0.32577118
0.83275235
0.010311626
0.30160278
-0.15917744
0.029928664
-0.33788732
0.40421447
0.75819385
-0.38559282
0.7646952
0.73491734
0.8366418
-0.47969916
0.20956562
-0.13033353
0.12722224
0.98019356
-0.52521783
0.1874787
-0.8260213
0.035876825
-0.71031415
0.53493786
-0.5071152
0.6713774
0.03520805
0.32783332
-0.07725733
1.0274625
-0.11169342
-0.29260483
0.36739266
-0.0100886775
0.22727862
-0.6200568
0.4900852
-0.08659446
0.31299046
0.68733346
-0.43461698
0.08056492
-0.33003443
0.268194
-0.19891931
-0.2574468
-0.06462718
0.059962552
-0.8951422
-0.029536413
-0.5488223
0.45717263
-0.9513552
-0.115364775
-0.69597894
0.5984139
0.4499528
0.30523846
0.2820891
0.049623605
0.50166523
0.5821245
-0.65357137
0.16396254
0.44231498
-0.0239029
-0.38052583
-0.508411
0.06830241
-0.14718844
-0.02809218
-0.514353
0.5942333
-0.3331019
-0.6007636
-0.24333103
-0.6554618
0.18032666
0.57724303
0.22682457
-1.055777
0.03903407
0.14299752
-0.1289366
-0.07241359
-0.2090031
-0.33537015
-0.3815243
-0.3231178
0.3902902
0.73792195
-0.51656604
0.6257397
-0.4798231
-0.14393502
0.6907643
-0.20675729
0.013641379
0.44309622
-0.0751025
0.44435707
-0.17136742
-0.22060722
-0.44630313
-0.19604896
-0.7512172
-0.071057305
0.6554084
-0.06527041
0.2319624
0.07999252
0.046883475
0.6638878
0.07671083
-0.49787867
-0.20376009
0.14181297
0.08335355
0.31746683
-0.59475243
0.47072235
-0.5588659
0.32067552
-0.5960398
-0.1079284
-0.19371732
0.6523861
0.14116253
0.46354687
0.18657418
-0.31946746
-0.12400787
-0.7306112
0.3326546
-0.73805034
0.70129764
0.3628504
0.632659
-0.63379234
0.27075568
-0.41814741
-0.25292704
-0.27442592
0.509329
0.008791583
-0.64136416
-0.5927108
0.22371031
0.73272926
0.05302801
-0.22217472
0.1774854
-0.22263332
0.298551
-0.47356522
0.2562763
-0.45723042
0.013483042
-0.50353885
0.46978876
0.28051805
-1.145235
-0.67627203
0.20643274
0.14954649
0.4954341
0.12778485
0.7415773
0.80352795
0.44403723
0.019555878
0.5735749
-0.01344265
-0.08877883
-0.1102334
0.39199167
0.66379225
-0.43606874
0.14308444
0.31556225
0.27531487
-0.4909889
0.4727347
-0.31982803
-0.22511551
-0.20649797
0.43101084
-0.33663768
-0.5419621
-0.4269816
-0.10718992
-0.5412972
-0.048047464
-0.5803442
0.30587894
0.10111359
0.303718
0.6260431
0.5594497
0.1255145
-0.71561486
0.3417064
-0.78375626
-0.6573266
0.2904445
0.048221916
-0.22781096
0.38680613
0.3874014
0.21625076
0.103157826
-0.31821448
-0.83765066
0.648558
0.22071108
-0.46788657
-0.17075378
0.6862433
0.5916415
-0.74307775
0.68179333
0.010867784
-0.27263063
-0.92765576
0.11886192
0.67878395
0.66344273
-0.58095556
0.034960624
-0.0038058942
0.24747162
-0.2909707
0.7348609
-0.42425326
-0.709521
0.36096245
0.47518742
0.271858
0.44383463
0.06493418
-0.65102464
-0.74196374
0.09638521
0.42583537
-0.5882307
0.220762
0.33999637
-0.85328376
0.40906042
-0.78923684
-0.5479484
-0.345942
-0.09999521
0.57636786
-0.9554147
0.81135505
0.37982804
-0.09386174
0.27537888
-0.17162599
0.33724603
-0.65593016
-0.17529774
-0.051247936
-0.83417594
0.6085888
0.49125937
0.4302238
-0.2567283
0.48772922
0.5749378
0.31270137
0.17408715
-0.057995185
-0.46895468
-0.34008437
0.41786158
-0.7238945
0.16715802
-0.19579457
-0.66613895
-0.854629
0.020512158
-0.7447315
-0.83911353
0.5061044
0.602461
0.77797556
0.48204112
0.4639561
0.48074818
0.41859362
0.59104556
-0.99432
0.23742972
-0.3163184
0.96849525
0.31841025
-0.70859146
-0.53834486
-0.47171706
-0.8865769
0.59720415
-0.545711
0.5537446
-0.103571944
-0.45370066
0.3158043
-0.35455814
-0.42760602
-0.84949195
0.16480121
0.64326024
0.6330255
0.35219464
0.1706168
8.885353E-4
0.21887548
-0.5440675
0.5400105
0.3317452
-0.019192152
-0.5001686
0.58075464
0.018293463
0.45915845
-0.024245914
-0.2980591
0.15096325
-0.838175
0.4392981
-0.53353965
-0.5463235
-0.53560954
0.16124946
0.096484534
-0.1281266
0.1295807
-0.8013225
-0.100426435
-0.20679903
-0.19296911
0.6180621
-0.13677223
0.95664734
-0.27537343
-0.15195093
0.14719076
0.11645419
-0.637815
-0.6929579
-0.7137051
-0.12718712
-0.69146395
-0.723956
-0.97194993
-0.31252322
0.56329316
-0.36484402
0.36680108
0.05327232
0.14892092
0.43068796
-0.50632656
-0.040706947
0.61594856
-0.5131421
0.3109418
-0.35118663
0.765762
0.35774586
0.5546282
-0.01304396
-0.5558629
0.39682227
-0.24016325
-1.0295874
0.61907893
-0.7610379
-0.66598254
0.0909211
-0.17623629
0.4543751
-0.13855097
0.91869867
0.46695152
-0.5039322
0.6729744
-0.83191854
-0.053772215
0.18473597
-0.3443272
1.1512287
-0.49405307
0.47350183
0.589422
0.29233378
-0.009688387
-0.67275035
0.5842478
-0.1134566
0.27746126
-0.07092444
-0.29865202
-0.17889291
0.54771274
0.51926607
-0.5807464
-0.59475625
0.058959197
-0.43386823
-0.046390172
0.45377293
-0.76031286
0.44623783
-0.15020908
-0.068399064
0.17942722
-0.1555063
-0.28196466
0.08710962
0.18281971
-0.2713257
-0.10313799
-0.18609734
-1.0990884
0.6734305
-0.2540028
-0.18437266
-0.22661671
-0.6996078
0.5805593
0.6500826
-0.61248463
-0.7347136
-0.15133014
0.72189605
-0.8385339
-0.17082839
0.48907498
0.08102966
-0.040761862
-0.067273565
-0.60206854
-0.32436997
0.23927373
-1.046508
0.069745615
-0.6205873
0.07292107
-0.31949836
1.0834732
0.753001
0.9887619
-0.0902925
-0.62051785
0.013393495
-0.6216919
0.9722159
0.64244395
-0.60678405
-0.07371736
-0.017335976
-0.73080564
0.13468063
-0.9554656
0.56374055
0.0039257985
-0.8247744
-0.63348275
-0.5059711
0.35771346
-0.5244669
0.74096465
-0.11030266
0.0800779
0.6947574
0.35756832
-0.42308855
-0.3982148
-0.68014723
0.73400295
1.1003473
0.17442451
-0.77804786
0.4952821
-0.9234127
-0.86907625
0.05791728
0.5667426
0.38518545
0.33581704
-0.35179716
0.5164411
-0.25662288
-0.49541956
0.026778322
-0.5434138
-0.17381266
-0.34242678
0.52357197
-0.69637674
-0.07974355
-0.47344276
0.14750646
0.6536259
-0.6980073
0.5317559
-0.31379634
-1.0871177
0.49883986
0.7280649
-0.010352092
-0.09422672
0.5268847
-0.4030999
-0.33885556
0.5009802
-0.22626893
0.8646768
0.06273702
0.83646595
-0.49712354
0.921337
-0.43418205
0.78647107
-0.533566
0.58295006
-0.5763476
0.35128886
0.52381957
0.2103427
-0.79723436
0.66117525
0.37412387
0.31687424
-0.21181723
-0.18148038
-0.32738718
0.3376522
0.39978594
0.06764762
0.8896734
0.45390528
-0.4709815
-0.8663273
-0.1204075
-0.33599836
0.5854233
0.4788983
-0.5679438
-0.7923014
0.81351006
-0.6679066
0.27475232
0.6627118
-0.68526024
-0.7496862
0.80871385
0.075743005
-0.16076426
-0.74765575
-0.51366854
-0.43160212
0.20441945
-0.28206775
0.67877835
0.61675197
-0.35176268
0.2227944
-0.24018703
0.45738786
0.13380745
-0.18732207
0.2408018
0.24271382
-0.7353396
-0.032414064
-0.12341714
0.030479476
1.0348397
-0.68127745
-0.47491705
-0.1751354
-0.66714764
0.073212735
-0.6748578
0.75402695
-0.15333156
0.63408315
0.07396152
-0.20718794
-0.3894391
-0.50735754
0.4282965
-0.08575548
-0.73614645
-0.48246324
-0.4994637
-0.7301787
-0.09150689
0.17731062
0.12775685
-0.2458376
-0.65039694
-0.96102476
0.38007396
-0.45050576
0.08217198
0.010556811
-0.34953123
0.34678754
-0.19075635
0.1811746
0.38297197
0.24266528
-0.41276082
-0.5149176
0.042737067
0.4340236
0.053543378
-0.82713276
-0.92851686
0.80594707
-0.39499623
-0.25772378
0.087368496
0.1309545
0.17550008
-0.37186942
0.2663474
-0.99209505
0.46712813
-0.57694924
-0.46289432
0.43918237
-0.7389154
-0.5733795
-0.41120222
-0.13379152
0.65158355
0.87637436
-0.5195501
-0.27180916
-0.6138861
0.16903397
-0.616489
0.8604822
-0.019122856
-0.45567614
0.58313805
-0.8758078
0.48871765
-0.7560554
-0.38251036
0.170825
-0.86434
0.6770754
0.22416773
0.1343938
-0.38227475
0.6434559
-0.32398424
0.2545391
-0.044413947
0.06171495
-0.36366525
-0.17671277
-0.5119046
-0.70110726
0.08324459
0.7295377
0.12048194
0.48050675
-0.86096275
0.28609118
-0.3822827
0.7824071
-0.008431606
0.765082
0.8912209
-0.51778364
-0.6179948
-0.3128333
0.588762
0.45173275
0.24383803
0.58174527
0.3068978
0.6021227
0.4525156
0.1374533
-0.075942524
-0.33649588
-0.7455643
-0.4823218
0.28629595
0.048145775
0.6752859
-0.017791662
0.09406304
-0.6322718
-0.9662618
0.48666704
-0.6519754
-0.41724166
-0.4032393
0.56952095
0.20887576
-0.49723247
0.3821207
-0.012688422
0.32891956
0.334996
0.17763399
-0.8953911
0.37361246
-0.26307458
0.09461348
0.4599515
-0.5902815
-0.23535663
-0.58120894
-0.019181082
-0.09439303
-0.202086
0.06807597
0.6513777
0.39448527
-0.7132853
0.23402262
-0.52280426
0.684837
0.41114646
0.49717942
-0.6288751
-0.18515116
0.36916983
0.76682585
0.28584692
-0.50411016
0.07028697
-0.89811707
0.6121091
-0.044618387
0.45875436
0.37152478
-0.8055957
0.07146528
0.58629113
0.41676128
-0.3094513
-0.7164116
-0.39729676
0.5375327
-0.28996053
-0.20685068
-0.36814404
0.9113349
0.45282757
-0.17642048
-0.69850487
0.50428224
-0.27115193
0.46432543
0.4645782
0.4697856
0.24160947
0.6574511
-0.15546122
-0.33733007
-0.08545427
0.20536515
-0.027552063
0.7172777
0.6468908
0.09345064
-0.1558257
0.80628407
-0.85723746
0.5647486
-0.5314746
0.29636598
0.7018246
-0.44301125
-0.75405
0.2871817
0.5553452
-0.09431626
0.89286846
-0.38307267
-0.02779164
-0.33515757
0.8624346
0.09032662
0.54574656
-0.10282695
-0.68182147
-0.3137676
-0.43348444
0.202
0.21413307
-0.8230934
-0.7774588
-0.47528398
0.6489553
0.27645785
-0.2518689
0.14715672
0.16874506
0.1413708
-0.88788474
-0.19430098
-0.12768283
-0.79480463
0.76466525
-0.29121223
-0.2874794
0.3273836
0.5738192
0.20038362
1.0878484
0.9043905
-0.04546122
0.40124387
0.30359742
-0.13126083
-0.9936555
-0.7114044
-0.67298985
0.18896587
0.24359792
-0.14366077
-0.19893816
0.43109092
-0.5272193
0.009662857
0.55254406
0.31305802
-0.6373621
-0.25144264
-0.41365188
-0.35538197
-0.059077643
-0.010295648
-0.085673735
-0.10286646
-0.49385062
-0.15569876
-0.670505
-0.68207145
0.3878793
-0.22117183
0.3273235
-0.62501335
-0.019803328
-0.76610416
-0.41906866
0.59547675
-0.08743736
0.66844594
0.42242908
-0.98074764
0.96063375
0.6118959
-0.8425581
0.106595874
0.7093602
-0.6664086
0.529787
0.051844466
-0.61083245
0.37619862
0.29564092
0.75058955
0.8577988
0.45779237
-0.7998427
-0.5208813
0.25894412
0.86150604
0.34120375
0.20814624
0.17755589
-0.11874631
-0.5366325
1.1201253
0.112437814
-0.19534168
0.018514372
0.15811345
0.5736283
0.56926364
-0.52377754
0.017145623
0.003062921
0.77089465
0.3455782
0.5079118
0.009080423
-0.57732123
-0.240499
-0.33103958
-0.18225592
0.110381484
-0.27700186
0.008095463
-0.37858132
1.0837142
0.40196773
-0.9243618
-0.555116
0.3671126
-0.033291016
0.40873262
-0.009324097
-0.15863016
-0.21806344
0.5759325
0.6311645
-0.249649
-0.5790341
0.25355533
-0.03310817
-0.7214945
0.067356326
0.3564237
0.17249113
0.27678496
-0.5707518
0.46392077
0.5098104
0.40984693
0.7250128
-0.37630484
-0.29277763
-0.71353847
-0.3901005
0.7326469
-0.26745504
0.038893554
0.90387625
-0.3726537
0.7813519
-0.7145988
0.06625794
-0.27420723
0.07662076
0.6727585
-0.6129733
-0.32336706
-0.4302139
0.7241656
0.17311704
-0.5204235
0.099358074
0.002434575
-0.29115495
0.31865397
0.027161736
0.31081057
-0.3127531
0.10293592
-0.3937005
-0.1458077
0.24767654
-0.080774315
-0.14135943
0.5925486
-0.71338856
0.6265162
0.79147935
-0.4702915
0.9628228
0.2634817
-0.10348705
0.43010935
-0.805476
-0.18493044
-0.2592315
0.6627407
-0.7691164
0.61130446
0.45348635
0.40404782
0.20705253
-0.7863029
-0.074349836
-0.45741627
0.11917806
0.6544894
0.005785469
-0.097689934
-0.22492486
-0.5942707
-0.08873242
-0.44625846
-0.36587653
-0.3530669
-0.14429352
0.0886545
-0.50995255
-0.73022264
0.04520137
-0.5933399
0.7456446
0.26099432
-0.8730232
0.25636327
0.09875021
0.011755724
-0.62514806
-0.46866298
1.3110644
0.07400508
-0.20774266
-0.32173005
-0.26381788
-0.32320005
0.2124813
0.44026572
-0.24554496
0.22621107
-0.039794
-0.60189486
0.63591266
-0.09449645
-0.2630021
0.22821482
-0.7178739
-0.080539174
0.45966142
0.057636987
-0.151252
0.31537613
-0.5049497
-0.71968067
-0.2946501
0.63923657
0.17113079
0.5305669
-0.9603698
-0.05729578
0.058465455
-0.083179474
0.77153414
-0.83867306
-0.56834763
0.5569433
-0.2007772
0.656384
0.35273117
0.68375176
0.048373565
0.58103436
0.019010283
-0.96222246
0.013983667
0.6188614
0.2857611
0.048275985
0.7165982
0.37221426
-0.0047681243
0.7693978
-0.31841978
0.21695471
0.16814107
-0.18797202
-0.39462158
0.42340901
0.42636898
-0.73319227
0.48676553
0.38283956
-0.36439684
-0.09908992
-0.54634756
0.1444499
-0.33315098
0.2215032
0.45339096
-0.57311565
0.9721034
-0.56069136
-0.45359808
-0.80811185
-0.5084108
0.57258636
-0.82347673
0.91324955
0.4980244
-0.7512169
0.42434868
0.63722944
0.38001704
0.62686235
-0.26789
0.0792312
0.785402
0.6075014
0.66151744
-0.40924615
0.6605617
-0.31988743
0.59713346
-0.78923124
0.52778393
-0.39429954
-0.0012084584
0.19755106
0.4230401
0.869347
-0.6816626
0.7902346
0.0681609
-0.694638
-0.59887725
0.47549388
-0.39034238
-0.10440691
-0.7803744
0.7591816
-0.066569135
-0.72156274
0.72626245
0.6026768
0.008253194
-0.8228506
0.8376222
-0.7390289
-0.47981757
0.2981616
-0.49021128
0.38142294
-0.4058437
-0.17296258
0.54772455
-0.674146
0.18009825
-0.77589196
-0.22082463
0.2937947
0.10836502
-0.15225913
-0.35544485
0.36378253
-0.4528752
-0.11939167
-0.077069126
0.769941
0.4080174
-0.04093303
0.22640698
0.81749594
0.3402428
-0.093068056
-0.7701025
-0.21256085
-0.015462742
-0.57569826
0.24229908
0.41880873
-0.33182657
-0.28681296
0.4522579
-0.17827022
-0.7140749
0.094811276
0.2648166
0.20313136
0.819264
-0.39088264
1.0873741
-0.80789924
0.6766693
-0.7743279
-0.27865285
-0.7928455
0.38883704
0.67865884
-0.51181656
-0.8170244
-0.5482841
1.0380137
-0.5790899
0.37720895
-0.29169253
0.45264873
-0.06468572
-0.06763293
-0.008795181
0.64163923
0.6408636
0.6633554
0.072017185
-0.39132202
0.09033415
-0.0037754376
0.574308
-0.80214363
0.8272539
0.45418122
0.6132022
0.8076209
0.5000469
-0.33348992
-0.08269498
-0.067107394
0.028013319
0.15482403
-0.4117563
0.7660546
-0.81985575
-0.3308782
-0.48962426
0.68225086
-0.45234698
-0.5317566
0.01924539
0.70404166
-0.056784462
-0.04260803
-0.31262589
-0.5248119
-0.8792566
0.83119375
0.8769207
-0.39943567
0.14814606
0.30510125
0.17283782
0.083555736
-0.61526203
0.36711967
0.30624348
-0.42152587
-0.39847538
0.8596522
0.30259195
0.21459636
-0.27737054
-0.5177809
0.4680655
-0.11507368
-0.6192896
0.5636992
0.25980958
0.25919837
-0.5985479
0.24529983
0.09668978
0.34027734
0.007567407
-0.7341558
0.21426544
-0.33033058
-0.54426473
-0.6281261
0.66739285
-0.4792535
0.63105434
-0.52582103
-0.71195126
-0.2917718
0.8260451
-0.7358248
0.51982176
-0.59246767
-0.3906806
0.965623
0.19030312
-0.239814
0.606677
0.19603142
0.28875518
-0.4249768
0.39520833
-0.3502993
0.27259284
0.19423547
0.5611814
0.70512795
0.17763224
-0.6368594
-0.6086388
-0.34210858
1.0391287
0.044536814
-0.7575839
0.99700916
-0.5144365
0.28419343
-0.6730675
-0.7911736
-0.64167565
0.018647172
0.4729169
0.44931662
0.23496872
0.04661991
-0.62421006
-0.466839
-0.72164655
0.9871241
0.31487218
0.22433636
0.9066188
-0.23129784
0.24154884
-0.9805357
-0.028053192
0.9796835
-0.42689386
-0.15117225
-0.6730473
0.17445289
-0.14655788
-0.50270367
-0.516995
-0.6595539
0.4083855
-0.48355615
0.98885864
0.2323848
-0.5324053
0.19296506
0.143093
0.20722379
-0.79642576
-0.7240941
-0.39927766
-0.120178096
0.8957875
-0.30659
-0.112307884
-0.16936025
0.38869524
0.012086173
0.073020026
0.89932156
-0.50402385
0.7386944
-0.2851446
0.22662027
-0.40342066
0.5823822
-1.0842108
0.14127634
0.40015435
-0.31390867
-0.1363994
-0.47662127
0.4945462
-0.5289942
-0.4303993
0.17657827
-0.0021077907
0.92757004
-0.6652465
0.049671642
-0.3348333
0.017635332
0.57402164
-0.18214528
-0.40417743
-0.44573593
0.67161405
0.5296642
0.6540046
-0.19643405
0.3377074
0.5976649
-0.43324873
0.4236006
0.7661288
-0.6762414
-0.5011455
0.17748883
-0.08082679
0.052697323
0.33484644
0.58146733
0.73593366
-0.899912
-0.09544006
-0.582001
-0.24725455
0.13925736
0.51438326
0.5282445
0.14627202
-0.38577458
-0.32601753
-0.47947285
-0.058550827
0.12513815
0.4101626
-0.5398496
0.6805465
-0.85241276
0.20274301
-0.4792493
-0.13774692
0.38680798
-0.4353159
-0.4382118
0.45700353
-0.061653893
0.55724525
-0.1116133
0.059276696
-0.54853565
0.78913486
-0.2510483
-0.23334952
-0.16314839
-0.29318014
-0.23546238
0.89097595
-0.31615275
0.9154989
0.03612181
-0.018059602
0.4764417
-0.34970072
-0.46512592
0.32864538
0.3877383
0.88464016
-0.8811882
0.17578617
-0.6448311
-0.4541686
-0.4759512
0.56556416
-0.35781568
0.63829464
-0.28581822
0.31617087
-0.36971486
-0.37621763
-0.13222139
0.5822616
-0.015268259
-0.21160975
-0.6016308
-0.0640223
0.56837106
-0.42622927
-0.2246599
0.0016449827
-0.43565935
-0.112639815
-0.77218837
-0.7064492
0.94895035
-0.43422663
0.4778097
0.29499725
-0.118461795
0.41853195
-0.68668395
-0.39167252
0.7427293
0.83454275
-0.1187921
0.47109523
0.21258704
0.5625083
-0.56817055
-0.3793158
-0.71890724
0.034126546
-0.03998399
0.33285597
-0.3732018
-1.0014838
0.8180972
0.74394125
-0.80012214
0.60060155
-0.6405958
0.70963037
-0.73702365
-0.30882287
-0.54120576
-0.0023100183
0.57213783
0.76935285
0.006989542
-0.7335865
0.39469516
0.67302716
-0.04092509
0.44151354
0.44517547
-0.1841519
-0.38911778
-0.60744333
0.13182092
-0.88112897
-0.4720041
0.655217
0.55985457
0.38303432
0.21216106
-0.41838643
-0.3680146
0.19063795
0.3758928
0.89612883
0.29029492
-0.18125845
0.52885723
0.5936634
-0.05669828
0.8503357
-0.87788343
-0.5757729
0.2796701
-0.36967814
0.99537873
-0.47660494
0.33881402
-0.4560398
0.4010761
0.56597096
-0.33767325
-0.44938493
0.014786018
-0.15290421
-0.6404691
0.34988496
-0.05017123
0.33924663
-0.6107339
0.43961266
0.3336729
-1.1635425
0.62484115
0.30493665
0.3544372
0.55554044
0.22858106
0.57399994
0.34298256
-0.18790907
-0.76787984
-0.15160295
0.5237169
-0.5741252
0.3336256
-0.4526072
0.35982782
-0.17105848
0.20960583
0.08870596
-0.36191157
0.6282391
-0.07402922
0.7320335
-0.53216827
0.4130428
-0.5599039
0.77263635
0.2307352
-0.7451343
0.18405111
-0.449374
-0.13682783
0.14971854
-0.07482587
-0.5089668
0.44269067
0.5947774
-0.02154721
0.43100613
-0.76061594
-0.8855977
-0.29975122
0.65948564
0.6382835
-0.3223341
0.56056243
0.13690768
0.35324115
-0.8543008
-0.3522036
0.5013394
0.20644929
-0.5830896
0.12206993
-0.24441406
-0.6499085
-0.69747734
-0.11785791
-0.42078236
0.62010324
-0.80009454
-0.37687728
-2.6192682E-4
-0.40055713
0.57316846
-0.30132863
-0.65958697
0.57228196
-0.57921463
-0.5824322
0.3018226
-0.59970325
0.31620768
-0.5094995
0.62674826
0.5473525
-0.4324246
0.7200396
-0.7787205
-0.46309748
0.31806237
-1.1146432
-0.9729165
0.48538557
-0.9980016
-0.23495573
-0.28923023
-0.44254416
-0.80036426
0.77037656
-0.06606961
0.6984683
-0.2553876
-0.73260367
0.08731059
0.9943498
-0.41293862
0.3964088
-0.79759836
-0.48520246
0.20533268
-0.19389682
0.51190954
-0.53840554
0.48023328
-0.31058082
0.55406797
-0.24786375
-0.3067945
-0.42598176
0.67409134
-0.87658334
0.51908106
0.31014276
0.13390312
-1.00846
0.7994195
-0.9421406
0.7550349
-0.64131826
0.6246617
-0.94014376
0.33289185
-0.11921892
0.2558152
0.7554293
-0.19319108
0.172142
-0.15350252
-0.7551903
-0.13718084
-0.3379349
0.66422576
-0.11855987
-0.8487213
0.52063197
0.040364467
-0.37469912
-0.19479518
0.4094944
-0.6756216
-0.12540416
0.25693357
0.3078135
-0.78014046
-0.30922982
0.64530885
0.03600952
0.3759393
-0.53759193
0.2542931
0.80502385
-0.7207061
0.24572709
-1.106724
0.8201439
-0.38817027
-0.6046863
0.76022327
-0.13853292
-0.62931335
0.627166
0.7427864
0.7607305
-0.03819514
0.1266907
0.49736217
-0.35344455
0.3810253
0.6770317
-0.554242
0.4900335
0.5315384
-1.0665202
0.46871144
0.0043249303
0.724455
-0.63350594
-0.2631106
0.7637813
-0.12448987
0.46275473
0.6759236
-0.2808265
0.6850434
-0.29761866
0.118985645
-0.29807705
-0.5735011
-0.07819344
-0.7155115
0.54041886
0.61949664
0.7092289
-0.18384196
0.37912035
-0.64324164
0.21303004
0.37794223
0.30974
-1.1492361
-0.5304121
0.017760972
-0.3990116
0.07350667
-0.989486
-0.38880175
-0.6945141
0.72025627
0.2842126
0.2080851
-0.023999428
-0.7167156
0.26793396
0.9413201
-0.9233866
0.30025235
0.5120617
0.9076348
0.51321906
-0.87034154
0.60178506
0.062697984
-0.46570897
-0.74224865
0.71688634
-0.13433182
-0.6234931
0.4902034
-1.2978516
0.013274462
-0.2725283
0.60988986
-0.90916216
0.12812929
-0.26058537
-0.66257405
-0.30129343
0.5371838
-0.2689947
0.5130464
-0.42330196
-0.77716374
-0.34503034
-0.25514764
-0.39016336
-0.0026470334
-0.06396766
-1.0039195
0.75379544
-0.059702195
-0.45341757
-0.04784685
0.23907146
0.56352884
-0.84783727
-0.17328033
-0.48300296
-0.110180914
-0.67636615
-0.16534032
-0.5729784
0.4476175
-0.42990854
0.56027794
-0.032765456
0.6238667
0.2972107
-0.5445754
-0.4556749
-0.48618662
0.65563774
-0.08038912
-0.4937703
0.16824901
0.16774353
0.5073842
-0.16715783
0.31486288
-0.8023221
-0.58144635
0.4257935
-0.5615525
-0.4054831
0.25373936
0.7193333
0.027201606
0.20361406
-0.08508842
-0.12161212
-0.032445826
0.81954193
-0.33254588
0.6144823
0.27649137
-0.6104088
-0.5573786
0.08336886
-0.616035
-0.26107764
0.70221967
0.002034123
-0.6928282
0.0362626
0.039060503
0.88572264
-0.9034476
0.50967944
0.6045287
0.013521754
-0.77379555
-0.2250574
0.51338196
0.4755229
-0.08337255
-0.33230335
0.5777451
-0.048640933
0.17629899
0.6392739
-0.5318692
-0.087618135
0.29399583
0.31054255
0.6271016
-0.347392
-0.8611864
0.7213331
0.7037327
-0.67005414
0.791566
0.7281917
0.0048186593
-0.85437095
-0.072796434
0.51091415
-0.8264115
-0.8347113
0.2815105
-0.60995835
0.77823454
0.46836853
-0.5806356
-0.29094994
0.71716577
0.68632483
0.061881263
0.67532784
-0.52006197
0.2907473
0.17167677
0.24760848
-0.24386683
-0.23492292
0.47257075
0.22028925
-0.09208334
-0.14209798
0.11416937
0.5004214
-1.1990794
-0.20383164
0.34302026
0.8802114
0.18605559
0.91572934
-0.97566545
0.39183742
-0.021697858
0.48492402
0.2535335
-0.66143024
-0.30255046
0.17652895
-0.16617079
0.41022164
0.6051821
0.17573386
0.50091904
-0.57439744
0.5770395
-0.78139967
0.48889875
-0.8236252
-0.50053746
0.27377108
-0.39261746
0.98863953
-0.13866651
-0.32886446
-0.030764177
-0.7324383
0.64864755
-0.54877996
0.11920432
-0.12829092
0.68054503
0.5632862
0.54134834
-0.057411913
0.053124335
0.22352564
0.23946613
-0.08903497
-0.80602956
0.13652964
-0.16503492
-0.35569936
-0.060280908
-0.40586677
-0.24064939
-0.29138592
-0.8367243
-0.7856252
0.3270557
0.36806288
0.5500065
-0.93695754
-0.8853479
-0.21481916
-0.9016155
0.47632787
-0.38459387
0.4535959
0.25808552
0.78474444
0.14221849
-0.06704618
0.61855066
-0.26726726
0.07033933
0.28572625
-0.0010162649
-0.48842126
0.46882638
-0.11465423
0.26004577
-0.8442803
-0.21520248
0.4320257
-0.23594442
-0.73694354
-0.52716637
-0.2616238
0.7210951
-0.16119733
-0.32933336
0.7605596
0.018393742
-0.27127245
-0.42985475
-0.06280907
-0.61384284
0.7944016
-0.10359145
-0.72941643
-0.57079613
0.32942057
-0.61195594
0.57830995
-0.6234676
-0.16088131
0.8638926
-0.52734816
0.028582951
-0.61712223
-0.8514892
0.30484974
0.8135801
0.3071651
-0.3379736
0.95004195
-0.6052381
0.06066743
-0.17996168
0.7253082
0.67650855
-0.23366131
-0.037805356
0.16268736
0.19474584
0.5060777
-0.5790624
0.093207
-0.6191608
0.6135984
0.65125835
-0.03226396
-0.7152486
-0.67597634
0.21339118
0.50514287
-0.58882153
-0.3879691
0.4694478
-0.3423428
0.010614274
-0.8903074
0.09065987
0.48979643
0.5088761
0.2233557
-0.2770093
0.72081095
0.019314945
-0.49533248
0.02499611
-0.40108198
-0.18140036
0.95197046
-0.303414
-0.06625391
0.47991276
-0.33847052
-0.4432621
0.48122838
-0.87596446
0.99024004
-0.36865523
-0.5026597
0.45686564
0.23849967
1.1497104
-0.7228436
-0.07646302
-0.2712262
0.6898514
-0.49027503
-0.64504695
1.2080075
-0.08773111
-0.31289378
-0.349966
-0.13804124
0.012677969
-0.8005696
-0.7495413
-0.52199554
0.36491978
0.31808117
-0.52731526
0.19209059
0.419464
-0.8759893
0.0733757
0.83119506
-0.2730964
0.6436747
0.68418574
-0.19105248
0.90603197
-0.28804454
-0.21302186
0.58609533
0.14551648
0.08543521
-0.22143982
0.8345778
0.18817298
-0.06530741
-0.15072723
0.280887
0.142731
0.19781652
-0.45543838
0.86411166
0.8456958
-1.0019805
0.14149302
-0.45632058
-0.64202946
0.94981617
-0.11253244
0.22162408
0.09113908
-0.66211563
-0.6256762
0.59950006
-0.15880711
-0.7462749
0.5283987
0.64317214
-0.37393093
0.39565423
-0.8681277
0.04010623
0.5141483
0.16958752
-0.5358138
0.76096773
-0.7126261
0.5545514
-0.011814284
-0.2985221
-0.58439296
0.24153787
-0.7474977
-0.103532635
0.45297652
-0.2527933
0.6513649
-0.6652893
0.29171926
-0.14726985
-0.15937874
0.41273403
-0.81404173
0.39479613
-0.7777716
-0.597226
0.47730687
0.5306033
-0.464121
0.4046232
-0.3466767
-0.7947002
0.39301145
-0.7671154
-0.23996489
0.15680009
-0.24260573
-0.82707155
-0.5017278
0.28997502
-0.1831504
-0.95587575
0.6424828
-0.20888126
-0.27930105
-0.37189484
-0.78518075
0.27700365
0.21962686
-0.019300643
0.6674723
-0.9019999
0.34543353
0.06640698
0.8706674
-0.76576644
-0.0541589
0.3995587
0.6000756
0.5730859
-0.64798695
0.012667674
0.3517874
0.5367159
-0.18888523
-0.29247478
0.59718347
0.34762344
-0.21865515
-0.44544128
0.3539736
0.93263626
-0.3749064
-0.30998877
0.04979651
0.15645987
0.3536899
-0.20276316
-0.5537985
0.75446045
0.6367783
0.5902041
-0.7171102
0.35349083
0.22249818
-0.55861634
-0.36964443
-0.03204348
0.14374676
0.52046627
0.6506541
0.6771666
0.27498886
-0.34403294
0.08104767
-0.6636437
0.88791484
0.092603706
-0.6765741
0.9512068
-0.5745475
0.4186418
0.32564807
-0.04665903
-0.31644538
0.05340832
0.40557033
0.055677433
-0.18134028
0.027109694
-0.3820866
-0.6462812
0.5142801
0.6088367
-0.963293
0.8809988
-0.4220695
0.33028802
0.130585
0.23048271
-0.51254135
-0.69483143
-0.5177538
-0.85890466
0.32687727
0.62788546
0.0017128828
-1.0529566
0.11933591
-0.89640784
-0.28026912
-0.1337951
-0.23366909
-0.07595145
-0.36498198
0.05303818
-0.27955925
0.4611156
0.5263885
-0.23534067
-0.46846494
0.85542524
0.33414572
-0.4396028
-0.56422067
-0.27004066
0.16889288
-0.9520294
-0.22931623
0.69059813
-0.55220836
-0.5336686
0.18066813
-0.7160817
-0.39961165
0.14009668
-0.21549584
0.7680596
-0.63977516
0.8609156
-0.61983705
0.10900586
-0.35401535
0.35872945
-0.461776
0.6586105
-0.9317907
-0.69252014
-0.26827788
0.31237212
-0.63815933
0.0051549156
0.042633254
0.12510139
-0.20874313
-0.5056421
-0.88476324
0.21282037
-0.5015756
0.038151037
0.72240686
0.727057
0.083360106
-0.78750116
-0.09613434
0.9377701
0.61801267
-0.055052012
0.53985125
-1.081952
0.5937974
-0.3204838
0.5318718
0.014266461
-0.4804809
-0.15165293
0.5688572
0.65446734
-0.906631
-0.3529681
0.69938684
-0.36326626
-0.32393432
0.59666747
0.68466794
-0.57349926
-0.5629929
-0.7070692
1.0124024
-0.16456841
0.7936001
0.098644875
0.6289754
0.22638379
0.46174124
0.016102754
-0.20267493
0.23497124
0.69742304
-0.841346
-0.794717
0.8077894
0.43767938
0.9029871
-0.90069366
-0.25917655
0.033690996
-0.5718425
0.73088443
-0.31488395
0.21477254
0.12525766
0.36367348
0.27214712
0.09091729
0.24759087
-0.7846599
0.28793672
0.70528513
-0.72583324
0.3123847
-0.4790117
0.8610504
-0.7604357
-0.7323659
0.15122463
-0.6963357
0.0673533
-0.6610351
-0.3855122
0.5175357
-0.49973285
0.50115025
-0.31767365
-0.042279195
0.25228885
-0.47323072
-0.22834969
-0.6780371
-0.07243192
-0.44223627
0.7238871
0.5492113
0.26673537
0.11822816
0.31094155
0.09568673
-0.3253665
-0.28731883
1.0572487
-0.07589367
-0.71580744
0.7810521
-0.028804423
-0.2698527
0.37782377
-0.26058397
-0.2359886
0.6581262
0.9499646
0.08480273
-0.64634633
0.36164486
-0.3180207
0.21466571
-0.028131738
0.58656305
-0.5880852
-0.24046709
0.86231816
0.19365986
0.06535114
0.7763514
0.3168994
0.3846261
0.2283021
0.61989635
0.43877813
0.74869955
-0.7562847
0.27293023
0.46097
0.2150975
0.7812841
0.67017174
-0.09951864
0.16536625
0.30869555
0.601473
-0.41398093
0.61194336
0.995959
-0.61722386
0.7113946
-0.826823
0.2978071
0.9431641
-0.20659073
0.19969377
0.5398224
0.19402161
0.24392247
-0.051095452
0.5267738
-0.1648407
-0.5417245
0.7858258
-0.3576856
-0.2195893
0.33844733
0.3143806
-0.51060677
-0.3919606
-0.45516574
0.20135465
-0.19105464
0.37797835
-0.7498058
0.765157
-0.9235191
0.09694943
0.254448
0.4597611
-0.9099771
-0.29085875
0.06975827
-0.374094
-0.5189929
0.4646767
-0.86662537
0.6685505
-0.18862562
0.6429256
0.062404204
0.788533
-0.6769896
-0.32956585
0.3098294
0.8432605
0.2537214
-0.7336744
-0.38881198
0.42408252
-0.5256501
0.62326586
-0.12769864
-0.89419097
0.27941164
-0.77739245
0.41499516
0.80342144
-0.79248244
0.23006836
0.29427648
0.95658714
-0.15859093
-0.6863759
0.089682676
-0.095616296
-0.72724235
0.27301878
-0.11666656
-0.37231964
-0.5006156
0.3425811
0.78822935
0.40836444
-0.63588935
0.80531526
-0.38630176
0.51170385
-0.6762777
0.3084078
0.5511163
-0.68172204
-0.48300746
-0.3733085
0.5128328
-0.23085232
0.79893136
0.47301114
0.1962529
-0.8312655
-0.42746812
0.65888053
-0.10472901
0.63333994
0.1692311
-0.27293825
-0.079697564
0.0011141154
-0.4772865
0.761499
-0.10769729
-0.026629783
-0.24768446
-0.35289088
0.21629305
-0.81258446
-0.14905934
0.4314242
-0.40562353
-1.1021369
-0.6370875
-0.24055655
-0.850308
-0.78973556
0.21328141
-0.8818138
0.33688417
-0.66035366
0.4019504
0.67309994
-0.9656012
0.061987337
-0.8534258
0.84598744
-0.5072322
-0.5648287
0.7823874
-0.5018365
0.3621146
-0.06826957
-0.07610963
-0.63061893
-0.25079614
0.6858444
-0.7626614
0.16828015
-0.18189417
0.84288424
-0.1915172
0.17551528
0.6545326
0.8541002
-0.3246764
0.23745826
0.2063051
0.1724117
0.14934047
0.4238934
-0.6158626
-0.95819056
-0.34718028
0.16440639
0.29627898
-0.86884254
0.49899742
0.677132
-0.6272919
0.47278064
0.28479463
-0.8785413
1.045918
-0.15436332
-0.17846791
0.13525887
-0.32639697
-0.07863718
-0.6525609
-0.14186151
-0.10224468
-0.8183793
-0.16636397
0.33560416
0.27123398
0.5101747
0.5162015
-0.20083568
0.71287405
0.5492189
0.21907851
-0.23877952
0.1881527
0.35436743
-0.51754653
0.77472764
0.51996106
-0.17177847
0.21198894
-0.8396174
-0.4103152
0.19345404
0.01689613
0.39600232
-0.24539545
0.5246889
-0.31191167
0.6210291
-0.55155253
-0.6058677
-0.56761926
4.252237E-6
-0.48911893
1.1338531
-0.61598647
-0.84372324
-0.8782113
-0.43356067
-0.58445287
-0.3451478
0.07150489
0.3136168
-0.08535182
-0.76718545
0.82932717
0.21729863
0.87184525
-0.07159274
-0.4512053
0.50232124
-0.14691582
0.73318064
-0.8179032
-0.2567957
0.5418574
0.049931843
-0.687045
0.6614707
0.54330254
0.33520722
-0.97522426
0.02789457
0.09618571
-0.603302
1.0502324
-0.474143
0.5087137
-0.047180377
-0.33606336
0.26971003
-0.20574392
0.42597488
-0.3642897
-0.40406424
0.72538644
0.5167046
-0.5552441
0.5764241
-0.511797
-0.91936964
-0.04049934
0.07843955
0.48648033
0.5041657
-0.36531296
-0.23691694
-0.08737761
0.37338206
0.21496655
0.5521402
0.38541585
-0.6665335
-0.2966502
0.5977685
0.515813
-0.5111573
-0.49732178
-0.620067
0.9033701
0.11709132
-0.41326657
0.5283761
-0.9123073
0.6286743
0.23191032
-0.32541487
-0.580296
0.4564485
-0.0043684472
0.38567382
-0.21106231
0.54825306
-0.1211067
0.16024904
-0.30782554
0.17053458
-0.67518514
0.31103376
0.5393838
-0.15456896
-0.42539912
0.5342486
0.030393533
-0.21377757
0.30488306
0.59359103
-0.79447234
-0.04013309
0.715566
-0.12548949
0.5373059
0.045809627
0.2066913
-0.63181376
-0.38441566
0.48430505
0.19501449
0.6531618
-0.7868991
0.30708298
-0.3471991
-0.17607899
0.83227605
-0.07728391
0.341112
-0.5254431
0.25903678
0.7275717
-0.58721113
-0.85869664
0.70814884
-0.17676099
0.82463694
-1.1194266
0.4324372
0.60628617
-0.57781947
-0.09686646
0.39578232
0.8262868
0.21262987
-0.6451048
0.8250527
-0.43366754
0.6102883
0.65371823
-0.44077873
0.28836685
0.40284425
0.48601627
0.15594755
-0.64013684
0.35855508
0.06257617
-0.6095589
0.5059365
-0.78767896
0.45616144
0.63751197
-0.20867051
-0.5030699
-0.63845205
-0.12998389
0.8385726
-0.4312964
0.42130163
-0.51837724
-0.6678848
